3.000	.693	1.059	.693	.462	.462	.347	.000	.000	.000	.000	.000	.000	.000	.000	.000	.000	.231	.000	.000	.000	.000	.000	.000	.000	3.000	3.000	2.500	2.333	3.333	2.000	2.667	2.667	2.000	2.667	2.667	3.000	3.000	2.333	2.000	3.000	3.000	2.000	3.000	3.000	2.000	3.333	3.000	2.000	.875	1.000	.583	.875	1.000	1.000	1.000	1.000	1.000	1.000	1.000	1.000	1.000	1.000	1.000	1.000	1.000	1.000	1.000	1.000	1.000	1.000	1.000	1.000
9.000	.000	.231	.000	.231	.462	.549	.000	.366	.347	.231	.231	.000	.231	.000	.000	.000	.000	.000	.000	.231	.000	.000	.000	.000	3.333	2.000	1.000	2.000	1.667	1.000	2.333	1.000	1.000	2.333	1.667	1.500	2.667	2.000	1.000	2.667	2.333	1.500	2.000	1.667	1.000	5.000	3.667	3.000	.625	1.000	1.000	1.000	1.000	1.000	1.000	1.000	1.000	.875	1.000	1.000	1.000	1.000	1.000	1.000	1.000	1.000	1.000	1.000	1.000	1.000	1.000	1.000
10.000	.366	.597	.549	.231	.462	.693	.000	.462	.347	.000	.231	.347	.000	.462	.347	.231	.597	.347	.231	.462	.347	.000	.000	.000	3.333	2.667	2.000	3.667	2.333	2.000	3.667	2.667	2.000	4.000	3.000	2.000	3.333	2.333	2.000	4.000	2.667	2.500	3.667	2.667	2.500	3.000	2.333	2.000	1.000	1.000	1.000	1.000	1.000	1.000	1.000	1.000	1.000	1.000	1.000	1.000	1.000	1.000	1.000	1.000	1.000	1.000	1.000	1.000	1.000	1.000	1.000	1.000
11.000	.924	.924	.549	1.439	1.230	1.040	.828	.597	.347	.693	.924	.347	.366	.828	1.040	.462	.924	.347	.000	.462	.347	.462	.597	.347	3.667	3.667	3.500	3.667	4.333	4.500	3.000	4.000	3.000	3.000	3.667	3.500	3.333	4.000	4.000	3.667	4.000	4.000	2.333	2.000	2.000	2.667	3.333	2.500	.875	.667	.750	.521	.278	.556	1.000	1.000	1.000	1.000	1.000	1.000	1.000	1.000	.750	1.000	1.000	1.000	1.000	1.000	1.000	1.000	1.000	1.000
14.000	.597	.000	.347	.000	.231	.347	.366	.000	.347	.000	.231	.347	.000	.000	.347	.231	.000	.549	.000	.000	.000	.000	.000	.000	2.333	2.000	1.500	2.667	2.333	1.500	2.000	2.000	1.500	1.333	1.333	1.000	1.000	1.000	1.000	1.000	1.000	1.500	1.000	1.000	1.000	1.000	1.000	1.000	.875	.611	.306	.875	1.000	.611	1.000	1.000	1.000	1.000	1.000	1.000	1.000	1.000	1.000	.875	.833	.778	1.000	1.000	1.000	1.000	1.000	1.000
17.000	1.290	1.386	1.242	.693	.963	.347	1.059	.963	.896	.693	.693	.693	.828	.828	.693	.693	.828	.896	.693	.693	.693	.963	.963	1.099	3.333	3.667	2.000	2.667	3.000	2.500	2.667	3.000	3.000	2.667	3.333	2.500	3.000	2.667	2.500	2.667	3.000	3.000	3.667	3.333	3.000	2.667	3.000	3.000	1.000	1.000	1.000	1.000	1.000	1.000	1.000	1.000	1.000	1.000	1.000	1.000	1.000	1.000	1.000	1.000	1.000	1.000	1.000	1.000	1.000	1.000	1.000	1.000
19.000	.462	.366	.000	.597	.231	.000	.231	.231	.000	.462	.000	.347	.000	.000	.000	.462	.000	.347	.000	.000	.000	.000	.000	.000	3.000	3.000	2.500	3.000	2.667	3.000	4.000	4.000	2.500	2.667	3.000	2.000	3.333	3.333	2.500	3.000	3.000	3.000	1.667	2.333	1.500	1.667	2.333	2.000	.833	1.000	.833	.708	1.000	.611	.875	1.000	.833	.875	1.000	.667	.875	1.000	.667	.875	1.000	.667	.833	1.000	.833	.833	1.000	.778
20.000	1.386	1.059	.896	.828	.828	.896	.693	.693	.693	.828	.828	.896	.828	.828	.896	.693	.828	.693	.963	.828	.693	.693	.693	.693	3.667	3.667	3.500	2.000	2.333	2.000	4.000	3.333	3.000	1.667	2.000	2.000	2.333	2.333	2.000	2.000	2.000	2.000	3.000	2.333	2.500	2.000	2.000	2.000	.313	.333	.389	.583	1.000	.778	.750	1.000	.833	.750	.667	.833	1.000	1.000	1.000	1.000	1.000	1.000	.875	1.000	.833	1.000	1.000	1.000
22.000	.000	.462	.000	.231	.462	.347	.366	.231	.347	.462	.366	.347	.597	.366	.347	.366	.366	.347	.000	.000	.000	.231	.231	.000	2.000	2.000	1.500	2.000	2.000	1.500	2.000	1.667	2.000	2.333	2.000	1.500	2.667	2.333	2.000	2.667	2.333	2.000	2.000	1.667	1.500	2.333	2.667	2.000	.750	.833	.667	.750	1.000	.833	.875	1.000	1.000	1.000	1.000	1.000	.750	.500	.500	1.000	.556	1.000	1.000	1.000	1.000	.750	.833	.667
24.000	.462	.462	.896	.462	.231	.693	.963	.828	1.099	.462	.366	.347	1.195	1.195	1.151	.828	.693	1.040	1.290	1.195	1.242	1.386	1.290	1.386	2.333	1.667	1.500	1.667	1.667	1.000	2.333	2.000	1.500	2.333	2.333	1.000	3.667	3.000	1.500	2.667	2.333	2.500	2.667	3.333	2.500	3.333	3.000	2.000	1.000	.667	.833	1.000	.833	1.000	1.000	1.000	1.000	1.000	1.000	1.000	.708	.611	1.000	1.000	.528	.833	1.000	.611	.833	1.000	.556	1.000
25.000	.924	.963	1.242	1.195	1.461	1.498	.828	.963	1.099	1.290	1.195	1.099	1.059	.963	1.099	1.290	1.155	1.242	1.195	1.290	1.386	.963	.963	1.242	4.667	3.667	2.500	4.000	4.000	3.500	4.333	3.667	3.000	4.000	4.000	4.000	4.000	3.333	3.500	4.000	3.333	3.000	3.000	2.667	3.500	4.000	3.667	3.500	.667	.833	.667	.563	.667	.833	.813	.833	.667	.563	.500	.667	.417	.444	.500	.833	.667	.833	.500	.833	.444	.833	.750	1.000
30.000	.732	.693	.693	.828	.693	.896	.732	.597	.549	.231	.366	.000	.462	.597	.347	.462	.597	.000	.231	.231	.347	.462	.462	.549	2.333	2.333	1.500	2.333	2.333	1.500	2.333	3.333	1.500	2.333	2.000	2.000	2.333	2.667	1.500	2.333	2.000	1.500	2.000	2.000	1.500	2.000	2.000	1.500	1.000	1.000	1.000	1.000	1.000	1.000	1.000	1.000	1.000	1.000	1.000	1.000	1.000	1.000	1.000	1.000	1.000	1.000	1.000	1.000	1.000	1.000	1.000	1.000
33.000	.231	.462	.347	.231	.597	.693	.462	.462	.693	.693	.693	.693	.231	.462	.693	.693	.693	.693	.000	.231	.000	.000	.000	.000	2.667	3.000	2.500	3.333	2.667	2.500	4.000	3.333	3.000	3.333	3.000	2.500	2.333	2.667	2.000	2.000	2.000	2.000	2.000	1.667	1.500	1.000	1.000	1.000	.750	1.000	.833	.875	1.000	.833	.750	1.000	.833	.750	1.000	.833	.646	1.000	.556	.813	1.000	.833	.750	.778	.833	1.000	1.000	1.000
35.000	.231	.462	.000	.462	.693	.896	.000	.597	.000	.462	.597	.000	.000	.231	.000	.231	.462	.347	.000	.231	.000	.000	.231	.000	2.000	2.333	1.000	3.000	2.667	2.500	3.000	2.667	2.000	3.667	3.000	2.000	3.333	3.333	2.000	4.333	3.333	2.000	3.667	3.000	2.000	2.667	2.667	1.500	.875	1.000	1.000	1.000	1.000	1.000	1.000	1.000	1.000	1.000	1.000	1.000	1.000	1.000	1.000	1.000	1.000	1.000	1.000	1.000	1.000	1.000	1.000	1.000
36.000	.231	.000	.000	.000	.231	.000	.000	.000	.000	.000	.000	.000	.000	.000	.000	.000	.000	.000	.000	.000	.000	.000	.000	.000	2.000	1.667	1.500	2.333	2.000	1.500	2.000	2.000	1.500	2.333	2.000	1.500	2.000	1.667	1.500	2.000	1.667	1.500	2.000	1.667	1.000	2.000	1.667	1.500	1.000	1.000	1.000	1.000	1.000	1.000	.875	1.000	1.000	.833	1.000	1.000	.875	1.000	1.000	.833	1.000	1.000	.875	1.000	1.000	.875	1.000	1.000
38.000	.462	.366	.347	.828	.597	.347	.597	.693	.693	.963	.693	.896	.963	.597	.347	1.365	1.073	.347	.693	.597	.347	1.365	1.439	1.354	2.333	1.667	1.500	3.000	2.333	2.000	3.667	2.000	2.500	4.333	2.667	3.000	4.333	3.333	3.000	4.667	3.333	3.000	2.333	2.333	2.000	4.667	3.667	4.000	.688	.833	.778	.833	.833	1.000	.708	.833	1.000	.875	.833	1.000	.750	.778	.833	.875	.583	1.000	.875	.833	1.000	.833	1.000	1.000
42.000	.462	.828	.347	.231	.231	.347	.231	.231	.000	.000	.000	.000	.000	.000	.000	.000	.231	.000	.000	.000	.000	.000	.000	.000	3.667	3.667	3.000	3.667	3.000	2.500	3.333	3.333	2.500	3.000	1.667	2.000	3.000	3.000	2.500	3.000	3.667	2.000	3.000	2.667	1.500	2.333	3.000	1.000	1.000	1.000	1.000	1.000	1.000	1.000	1.000	1.000	1.000	1.000	1.000	1.000	1.000	1.000	1.000	1.000	1.000	1.000	1.000	1.000	1.000	1.000	1.000	1.000
51.000	1.290	1.195	1.151	1.461	1.439	1.354	.828	1.059	1.040	.924	.924	1.242	1.230	.828	1.498	.462	.597	.347	1.099	.963	.549	.597	.462	.693	4.000	4.333	3.500	4.000	4.667	4.500	3.333	3.333	3.500	3.333	2.000	3.000	4.000	3.333	2.000	4.333	3.667	2.000	3.333	3.333	3.500	3.333	2.667	1.500	.708	.833	.833	.833	.833	1.000	.750	1.000	1.000	1.000	1.000	1.000	.708	.667	1.000	.625	1.000	.667	.625	.833	.389	1.000	1.000	1.000
52.000	.000	.462	.000	.231	.231	.000	.000	.231	.000	.000	.000	.000	.000	.000	.347	.000	.231	.000	.000	.000	.000	.000	.000	.000	1.333	1.333	1.000	2.333	2.000	1.500	2.000	1.333	1.500	1.333	1.667	1.000	2.333	1.667	1.500	2.333	1.667	1.500	1.333	1.333	1.000	2.000	1.667	1.000	1.000	1.000	1.000	1.000	1.000	.833	1.000	1.000	1.000	1.000	1.000	1.000	1.000	1.000	.833	1.000	1.000	1.000	1.000	1.000	1.000	1.000	1.000	1.000
56.000	1.099	.828	.693	.828	.732	.693	.462	.462	.347	.828	.597	.549	.828	.597	.896	.462	.462	.347	.231	.231	.347	.828	.693	.896	3.667	3.333	3.000	4.333	4.000	3.000	3.667	2.667	3.000	4.333	3.667	3.500	4.333	3.667	3.000	4.333	3.333	3.000	2.667	2.667	2.000	3.667	3.333	3.000	.750	.667	.667	.875	.667	1.000	1.000	1.000	1.000	1.000	1.000	1.000	.875	.667	.833	1.000	1.000	.833	1.000	1.000	1.000	1.000	1.000	1.000
61.000	.000	.231	.000	.231	.000	.000	.000	.000	.000	.000	.000	.347	.000	.000	.000	.000	.000	.000	.000	.000	.000	.000	.000	.000	1.333	1.333	1.000	1.333	1.667	1.000	1.667	1.000	1.000	1.000	1.000	1.000	1.000	1.000	1.000	1.000	1.000	1.000	1.000	1.000	1.000	1.000	1.000	1.000	1.000	1.000	1.000	1.000	1.000	1.000	1.000	1.000	1.000	1.000	1.000	1.000	1.000	1.000	1.000	1.000	1.000	1.000	1.000	1.000	1.000	1.000	1.000	1.000
65.000	.000	.000	.000	.000	.000	.000	.000	.000	.000	.000	.000	.000	.000	.000	.000	.000	.000	.000	.000	.000	.000	.000	.000	.000	2.000	1.667	1.500	2.333	1.667	2.000	2.000	1.667	1.500	2.000	1.667	1.500	2.000	1.667	1.500	2.000	1.667	1.500	2.000	1.667	1.500	2.000	1.667	1.500	1.000	1.000	1.000	.875	1.000	1.000	1.000	1.000	1.000	1.000	1.000	1.000	1.000	1.000	1.000	1.000	1.000	1.000	1.000	1.000	1.000	1.000	1.000	1.000
67.000	.693	.462	.000	.000	.231	.549	.693	.000	.347	1.535	.999	.000	.231	.597	.000	.231	.462	.000	.597	.231	.000	.000	.462	.000	3.333	3.333	2.500	3.333	3.667	3.000	3.333	2.667	3.500	2.000	2.333	1.500	3.000	2.000	2.500	2.333	2.000	1.000	1.667	1.667	1.500	2.667	1.667	1.500	.667	.528	.667	1.000	1.000	1.000	1.000	1.000	1.000	.875	.778	1.000	1.000	1.000	1.000	1.000	1.000	1.000	1.000	1.000	1.000	1.000	1.000	1.000
68.000	.732	.597	.347	.231	.231	.347	.462	.231	.347	.000	.462	.693	.231	.000	.000	.693	.462	.347	.231	.000	.000	.231	.000	.000	1.667	1.667	1.000	2.667	2.667	1.500	3.333	2.667	1.500	2.000	2.000	1.500	2.667	2.667	1.500	2.000	2.000	1.500	1.333	1.333	2.000	2.000	1.667	1.500	.479	.500	1.000	.708	.667	.833	.833	.667	1.000	.813	.611	1.000	.875	.667	1.000	.500	.556	.833	.708	.583	.833	.688	1.000	1.000
71.000	.693	.693	.693	.597	.000	.347	.366	.462	.347	.462	.231	.000	.231	.000	.000	.000	.000	.000	.000	.000	.000	.231	.000	.000	2.000	2.000	2.000	2.667	2.000	1.500	2.000	2.000	2.000	2.667	2.000	1.500	2.000	1.667	1.500	2.000	1.667	1.500	3.000	2.333	2.000	2.000	1.667	1.500	.875	1.000	.833	.875	1.000	1.000	1.000	1.000	1.000	1.000	1.000	1.000	1.000	1.000	1.000	1.000	1.000	1.000	1.000	1.000	1.000	1.000	1.000	1.000
73.000	.231	.597	.347	.597	.462	.549	1.099	1.099	1.099	.963	.963	1.242	1.386	1.386	1.040	1.059	.903	.805	.693	.924	.693	1.059	.828	1.040	2.333	3.333	2.500	4.000	3.000	2.000	4.667	4.000	3.500	3.333	2.667	2.500	4.333	4.333	4.000	2.333	3.333	2.500	1.667	2.333	1.000	2.667	2.667	1.500	.875	.833	.667	.875	.833	.361	.875	.833	.500	1.000	.833	.667	.833	.750	.444	.750	.750	.306	.708	.417	.750	.800	.417	.667
76.000	1.195	1.059	.896	.828	.462	.347	.693	.693	.693	.693	.693	.693	.693	.693	.693	.693	.693	.693	.462	.828	.693	.693	.828	.693	2.333	2.333	2.500	3.333	3.000	2.500	3.667	2.333	2.500	4.000	3.333	3.000	4.000	3.333	3.000	4.000	3.333	3.000	3.333	3.000	2.000	4.000	3.333	3.000	1.000	1.000	1.000	1.000	1.000	1.000	.875	1.000	1.000	1.000	1.000	1.000	1.000	1.000	1.000	1.000	1.000	1.000	1.000	1.000	1.000	1.000	1.000	1.000
77.000	.231	.462	.347	.462	.231	.000	.000	.000	.347	.597	.000	.347	.231	.366	.347	.231	.000	.347	.231	.693	.347	.231	.000	.000	2.333	2.000	2.000	1.667	2.333	1.500	1.333	1.667	1.500	2.667	2.667	2.500	3.333	2.000	2.000	3.000	2.333	2.000	3.000	2.333	2.000	2.333	2.333	1.500	.583	.611	.778	.750	1.000	.667	.625	.833	.833	.625	1.000	.667	.625	1.000	.833	.542	.778	.389	.750	1.000	1.000	.875	1.000	1.000
79.000	.693	.732	.693	.828	.828	.693	.000	.732	.549	.462	.828	.693	.597	.732	.549	.924	1.059	.549	.462	.597	.347	.924	.828	.693	4.000	2.667	4.000	3.000	2.667	2.500	2.000	2.000	1.500	3.333	3.333	3.000	3.000	3.000	2.500	3.000	3.333	2.500	1.000	1.333	1.500	3.667	3.333	3.000	.708	.750	.778	1.000	1.000	1.000	1.000	1.000	1.000	.875	1.000	1.000	.750	.833	.611	.875	1.000	.833	1.000	1.000	1.000	.875	.833	1.000
81.000	.000	.597	.000	.000	.231	.000	.000	.000	.000	.000	.231	.000	.000	.231	.347	.000	.366	.347	.231	.366	.000	.732	.597	.000	1.667	2.000	1.000	2.667	2.000	1.500	2.667	2.000	1.500	2.333	2.000	1.500	2.333	2.333	2.000	2.000	2.000	1.500	2.000	1.667	1.500	2.333	2.000	1.500	1.000	.833	.778	1.000	1.000	.750	1.000	.556	.528	1.000	1.000	1.000	1.000	1.000	.778	1.000	1.000	.833	.875	1.000	.750	1.000	1.000	1.000
83.000	.963	.963	.896	.693	.693	1.099	.828	.462	.896	.924	.924	1.242	.828	.597	1.099	1.155	.828	1.040	.693	.732	1.099	.828	.828	.896	3.333	4.000	3.000	3.333	4.000	3.000	3.667	3.333	3.000	4.667	5.000	3.500	4.000	4.000	3.000	4.333	4.000	3.500	3.667	4.000	3.000	3.667	4.000	3.500	.750	.556	1.000	.583	.556	.833	.708	.528	1.000	.542	.278	.833	.875	.667	1.000	.833	.667	1.000	.708	.667	1.000	.750	.611	1.000
85.000	.693	.597	1.099	.597	.597	.896	.366	.366	.549	.000	.231	.347	.231	.000	.347	.231	.000	.347	.000	.231	.000	.000	.000	.000	4.000	3.000	2.500	3.000	2.333	2.000	4.000	3.333	2.500	3.000	2.667	2.500	3.000	3.667	2.500	4.667	4.000	3.500	2.333	1.667	1.500	2.667	3.000	2.500	.833	.833	.583	1.000	1.000	.667	1.000	1.000	.528	1.000	1.000	.833	.875	1.000	.667	.875	1.000	.778	1.000	1.000	1.000	.813	1.000	.778
90.000	.366	.693	.693	.462	.693	.549	.231	.231	.347	.231	.597	.347	.231	.693	.347	.231	.693	.347	.231	.366	.347	.231	.366	.347	2.333	2.667	2.500	2.333	2.000	1.500	1.667	1.333	1.500	2.667	2.333	1.500	3.333	2.333	2.000	2.667	2.667	2.000	2.333	1.667	2.000	3.000	2.667	2.000	.750	.833	1.000	.750	1.000	.833	1.000	1.000	1.000	1.000	1.000	1.000	1.000	1.000	1.000	1.000	1.000	1.000	.875	.667	1.000	1.000	1.000	.833
106.000	.828	.963	.896	.462	.732	.693	.366	.693	.347	.597	.732	.896	.231	.462	.000	.231	.462	.693	.231	.231	.347	.000	.000	.000	3.000	2.667	2.000	4.000	3.333	3.000	4.000	3.000	3.000	4.000	3.000	3.000	3.667	2.667	2.000	4.000	2.667	2.000	3.333	2.333	2.000	3.000	2.333	2.000	.875	1.000	1.000	.625	.667	.500	.875	1.000	.667	.813	1.000	.667	.875	.778	1.000	.875	1.000	.611	1.000	1.000	1.000	1.000	1.000	1.000
108.000	.000	.366	.347	.000	.000	.000	.000	.000	.000	.597	.231	.000	.231	.231	.549	.000	.000	.000	.000	.231	.000	.828	.597	.896	2.000	1.000	1.500	2.667	2.000	2.000	2.667	2.667	2.500	3.000	2.333	1.500	3.333	2.333	3.000	3.000	2.667	2.000	2.667	2.667	2.500	3.667	2.667	3.000	.875	.833	1.000	1.000	1.000	1.000	1.000	1.000	1.000	1.000	1.000	1.000	1.000	1.000	1.000	1.000	1.000	1.000	1.000	1.000	1.000	1.000	1.000	.833
113.000	.000	.366	.000	.366	.366	.347	.231	.366	.000	.231	.231	.347	.597	.597	.347	.366	.000	.693	.462	.000	.000	.000	.000	.000	2.000	1.667	1.500	3.000	2.333	2.500	3.667	2.667	2.500	2.000	2.000	1.500	3.333	3.667	2.500	4.333	3.333	3.000	3.667	3.333	2.500	3.667	3.333	3.000	.875	1.000	1.000	.875	1.000	.667	1.000	1.000	1.000	1.000	1.000	1.000	1.000	1.000	.667	.833	.833	.500	1.000	1.000	1.000	1.000	1.000	1.000
114.000	.768	.828	1.040	.693	.597	.693	1.230	.999	1.040	1.386	1.290	1.242	.597	.693	.347	.231	.366	.549	.462	.231	.549	.231	.462	.693	4.333	3.667	4.000	2.667	3.000	2.500	4.000	4.000	3.500	4.333	4.000	4.000	4.000	3.333	3.500	3.333	2.667	3.000	3.000	2.333	3.000	2.667	2.667	2.500	.354	.611	.567	.750	1.000	.778	.708	1.000	1.000	.688	.667	.667	.667	1.000	.361	.708	1.000	1.000	1.000	1.000	1.000	1.000	1.000	1.000
117.000	.231	.732	.896	.231	.462	.347	.000	.693	.347	.000	.828	.693	.000	.462	.693	.597	1.099	1.040	.000	.231	.347	.000	.231	.693	1.000	1.333	1.000	1.333	1.333	1.500	1.000	1.333	1.000	2.667	2.667	1.500	1.000	1.333	1.000	2.000	2.000	1.500	1.000	1.000	1.000	1.000	1.000	1.000	.833	1.000	1.000	.750	.833	1.000	.875	1.000	1.000	.708	1.000	1.000	.750	1.000	1.000	.542	.667	.833	1.000	1.000	1.000	1.000	1.000	1.000
118.000	.000	.231	.000	.231	.231	.347	.000	.231	.000	.000	.231	.000	.000	.231	.347	.000	.462	.347	.000	.000	.000	.000	.231	.347	2.000	2.667	1.500	2.667	2.333	1.500	2.333	2.333	1.500	2.667	2.000	1.500	2.667	2.333	2.000	3.000	2.333	2.000	2.000	1.667	1.500	2.333	2.000	1.500	1.000	1.000	.833	1.000	1.000	.833	1.000	1.000	.833	.833	1.000	.500	1.000	1.000	.667	1.000	1.000	1.000	.875	1.000	1.000	1.000	1.000	.667
125.000	.924	.828	.693	1.059	.999	.896	.231	.462	.347	.693	1.155	1.040	.000	.231	.000	.000	.000	.000	.000	.231	.000	.000	.597	.693	3.333	2.667	2.000	3.333	3.000	2.000	2.333	2.000	1.500	3.667	3.000	2.500	1.667	2.000	1.000	2.000	1.667	1.000	2.000	1.667	1.500	2.000	2.333	1.500	.875	1.000	1.000	.875	1.000	1.000	.833	1.000	1.000	.813	1.000	1.000	.875	1.000	1.000	.833	1.000	1.000	.875	1.000	1.000	.875	1.000	1.000
130.000	.231	.462	.000	.000	.231	.000	.000	.000	.000	.000	.000	.000	.000	.000	.000	.231	.231	.347	.231	.231	.000	.000	.000	.000	2.000	1.333	1.500	1.667	1.667	1.500	2.000	1.667	1.500	2.000	1.667	1.500	1.000	1.000	1.000	2.000	1.667	1.500	2.000	1.667	1.500	2.000	1.667	1.500	1.000	1.000	1.000	1.000	1.000	1.000	1.000	1.000	1.000	1.000	1.000	1.000	1.000	1.000	1.000	1.000	1.000	1.000	1.000	1.000	1.000	1.000	1.000	1.000
133.000	1.059	.963	.896	.000	.462	.000	.000	.000	.000	.000	.000	.000	.000	.000	.000	.000	.000	.000	.000	.000	.000	.000	.000	.000	1.000	1.667	1.000	2.333	2.667	1.500	1.000	1.000	1.000	1.333	1.333	1.000	1.000	1.000	1.000	1.000	1.000	1.000	1.000	1.000	1.000	1.000	1.000	1.000	1.000	1.000	1.000	1.000	1.000	1.000	1.000	1.000	1.000	1.000	1.000	1.000	1.000	1.000	1.000	1.000	1.000	1.000	1.000	1.000	1.000	1.000	1.000	1.000
135.000	.231	.231	.347	.231	.597	.347	.000	.231	.000	.462	.693	.000	.963	.963	.549	.000	.231	.693	.462	.462	.347	.924	1.195	1.242	2.667	2.333	2.500	2.000	2.333	2.000	2.333	2.000	1.500	3.000	3.000	2.000	4.333	3.667	3.500	2.333	2.000	1.500	4.333	3.000	2.500	4.333	3.333	3.000	.667	.361	.778	.875	.833	1.000	.875	1.000	.833	.875	1.000	1.000	.875	.833	.750	.750	.556	.556	.750	.500	.667	.583	.667	.750
136.000	.732	.597	.549	.597	.366	.549	.231	.366	.000	.693	.231	.347	.828	.693	.693	.693	.828	.693	.231	.366	.000	.231	.000	.000	2.333	2.333	3.000	2.667	2.333	2.000	2.667	2.000	2.000	3.000	2.667	2.500	3.333	3.000	3.000	3.333	2.667	2.000	2.000	1.667	1.500	2.333	2.333	1.500	1.000	1.000	1.000	1.000	1.000	1.000	1.000	1.000	1.000	1.000	1.000	1.000	1.000	1.000	.778	1.000	1.000	1.000	1.000	1.000	1.000	1.000	1.000	1.000
141.000	.231	.693	.896	.231	.231	.000	.231	.597	.347	.597	.462	.549	.597	.231	.347	.597	.462	.347	.000	.000	.000	.000	.231	.000	2.000	2.000	2.000	2.333	2.333	1.500	2.000	2.000	1.500	2.667	1.667	1.500	2.333	2.000	2.000	2.000	2.000	1.500	1.667	2.000	1.500	1.333	1.667	1.000	.875	.833	.667	.833	.833	.667	.875	.833	1.000	.875	1.000	1.000	1.000	1.000	1.000	1.000	1.000	1.000	1.000	1.000	1.000	1.000	1.000	1.000
142.000	.828	.732	1.040	.597	.597	.347	.597	.924	.693	.000	.000	.347	.462	.231	.347	.462	.366	.000	.462	.231	.693	.597	.693	.693	3.000	2.000	1.000	3.000	2.333	1.500	2.667	2.333	1.500	3.667	3.333	3.000	3.333	3.000	3.000	3.000	3.333	3.000	3.333	2.333	1.500	3.333	3.667	2.500	.675	1.000	.778	.675	.833	.778	.688	1.000	.750	.813	1.000	.833	.833	1.000	.778	.688	.833	.778	.488	.833	.583	.708	1.000	.833
152.000	.462	.366	.347	.366	.231	.000	.732	.597	.693	.231	.000	.347	.732	.903	.896	.693	.462	.347	.828	.828	.896	.000	.231	.000	1.667	1.667	1.500	1.000	1.667	1.500	1.667	2.000	1.500	2.000	1.667	1.500	2.333	1.667	2.500	4.000	3.000	3.500	3.000	2.667	2.500	1.667	1.667	1.500	.875	.833	.778	.875	.833	.833	1.000	.667	1.000	.750	.667	.667	.625	.667	.567	.625	.500	.667	.750	.500	.556	.625	.500	.667
157.000	.462	.693	.347	.231	.597	.347	.462	.231	.347	.000	.231	.000	.597	.231	.000	.231	.231	.347	.000	.000	.000	.000	.000	.000	4.333	4.000	3.000	3.000	3.667	2.000	4.000	3.667	3.000	3.000	3.667	2.500	4.667	4.000	2.500	3.667	3.000	2.000	3.333	2.667	2.000	4.333	3.333	2.500	.750	1.000	.833	.708	1.000	.778	.875	1.000	.778	.875	1.000	.833	.875	.500	.611	.875	1.000	.778	.875	1.000	.833	.875	1.000	.667
158.000	.828	.693	.693	.693	.597	.549	.462	.462	.000	.231	.693	.347	.462	.462	.000	.462	.462	.347	.462	.462	.347	.231	.597	.549	2.667	3.667	2.500	2.000	3.333	1.500	2.667	2.667	1.500	2.333	2.000	2.000	2.000	2.333	2.000	2.333	2.333	1.500	2.000	2.333	2.000	2.000	2.333	1.500	.875	1.000	1.000	.875	.667	1.000	1.000	1.000	1.000	.875	1.000	1.000	1.000	1.000	1.000	1.000	1.000	1.000	1.000	1.000	1.000	1.000	1.000	1.000
162.000	1.290	1.155	1.242	1.290	1.059	1.040	1.386	1.155	1.386	1.461	1.290	1.386	1.461	1.386	1.386	1.290	1.386	1.242	1.290	1.386	1.242	1.386	1.386	1.386	3.667	3.000	3.500	4.333	3.333	3.500	5.000	4.000	4.500	4.000	4.000	4.500	4.667	4.000	4.000	4.333	3.333	4.000	4.333	3.667	3.500	4.333	4.333	4.000	.875	1.000	.833	.875	.833	1.000	.833	1.000	.833	1.000	1.000	.667	1.000	1.000	1.000	1.000	1.000	1.000	1.000	.667	1.000	.875	1.000	1.000
171.000	1.230	.903	1.242	.963	.732	1.242	.828	.366	.896	.366	.462	.549	.231	.462	.693	.462	.462	.693	.828	.963	1.099	.462	.828	1.040	2.667	2.667	2.000	3.000	2.333	1.500	3.333	2.667	1.500	2.667	1.333	1.500	2.000	1.667	1.000	2.000	1.667	1.500	1.667	1.667	1.000	1.667	1.667	1.000	1.000	.833	.667	.875	1.000	1.000	1.000	1.000	1.000	1.000	1.000	1.000	1.000	1.000	1.000	1.000	1.000	1.000	1.000	.833	1.000	1.000	1.000	.833
172.000	.828	.963	.896	.828	.828	.896	.462	.597	.347	.462	.732	.347	.924	.924	1.040	.000	.000	.000	.000	.000	.000	.000	.000	.000	2.333	2.333	1.500	3.000	2.000	2.500	2.333	1.333	1.500	3.000	2.000	2.500	2.000	2.000	2.000	5.000	3.667	3.000	5.000	3.667	3.000	5.000	3.667	3.000	.708	.833	.667	1.000	1.000	1.000	1.000	1.000	1.000	1.000	.833	.833	.750	.833	1.000	1.000	1.000	1.000	1.000	1.000	1.000	1.000	1.000	1.000
175.000	.597	.693	.896	.597	.693	1.099	.597	.462	.896	.597	.693	.896	.693	.828	.896	.231	.366	.693	.462	.462	.347	.693	.693	.693	2.333	1.667	2.000	2.667	2.667	2.000	1.333	1.667	1.500	3.333	3.333	2.500	1.333	2.000	1.500	1.667	2.667	1.500	1.667	2.667	1.500	2.000	2.000	2.000	.479	.389	.306	.542	.500	.611	.396	.444	.583	.333	.306	.528	1.000	1.000	1.000	.875	1.000	.833	1.000	1.000	1.000	.750	1.000	1.000
179.000	1.155	.462	.896	.924	1.195	.896	.462	.462	.693	.828	.828	.693	.693	.462	.347	.000	.231	.000	.462	.462	.000	.000	.231	.000	3.667	4.000	3.000	3.667	4.333	3.500	2.667	2.000	2.000	3.333	4.000	3.000	4.000	3.667	3.000	3.000	2.333	2.000	2.000	2.000	2.000	2.333	2.333	1.500	.875	.667	1.000	.875	1.000	.667	.833	.667	.833	.875	.611	.611	.875	.833	.833	1.000	1.000	1.000	1.000	1.000	1.000	1.000	1.000	1.000
181.000	.366	.693	.347	.231	.462	.347	.462	.597	.693	.000	.231	.347	.597	.366	.549	.597	.366	.549	.462	.462	.347	.597	.462	.549	2.667	2.000	2.000	3.000	2.333	2.000	3.000	2.333	2.000	2.000	2.000	1.500	2.333	2.000	1.500	3.333	3.000	2.000	2.333	2.333	1.500	2.000	2.000	1.500	.875	.500	1.000	1.000	.833	.833	1.000	.556	.833	1.000	.667	.833	1.000	1.000	1.000	1.000	.389	.778	1.000	1.000	.833	1.000	.667	.833
186.000	.366	.366	.347	.231	.366	.347	.000	.231	.000	.231	.231	.000	.231	.000	.000	.000	.000	.347	.000	.000	.000	.000	.000	.347	2.667	2.000	2.000	2.667	2.333	1.500	2.333	2.000	1.500	3.000	2.333	2.000	2.000	2.000	1.500	2.667	2.000	1.500	2.000	2.333	1.500	1.000	1.333	1.000	1.000	1.000	1.000	.875	.833	1.000	1.000	1.000	1.000	1.000	1.000	.833	1.000	1.000	1.000	.875	1.000	1.000	1.000	1.000	1.000	1.000	1.000	1.000
188.000	.462	.597	.896	.231	.462	.693	.462	.462	.549	.462	.462	.347	.231	.693	.347	.000	.462	.347	.231	.462	.000	.231	.597	.347	2.667	2.333	1.500	2.333	1.667	1.500	2.667	3.333	2.000	2.333	3.667	1.500	2.333	2.000	1.500	3.667	2.667	1.500	2.000	2.000	1.500	3.000	3.667	2.000	.813	.833	.667	.875	.833	.667	.708	.389	.250	.813	.833	.556	.479	.833	.556	.833	.611	.583	.833	1.000	.667	.750	.833	.667
195.000	1.059	.732	.549	.828	.693	.549	.732	.693	.693	.693	.462	.347	.000	.462	.347	.597	.366	.549	.231	.768	.347	.597	.597	.693	4.000	3.667	3.000	4.000	4.000	3.000	3.667	3.000	3.000	2.667	3.000	2.500	3.000	3.000	2.000	3.667	3.000	1.500	1.667	1.333	1.000	3.000	3.667	2.000	.750	.306	.583	.667	.528	.583	.708	.556	.500	.708	.528	.778	.667	.556	.556	.667	.667	.444	.750	.667	.611	.625	.556	.389
199.000	.366	.597	.347	.000	.231	.347	.000	.000	.000	.000	.000	.347	.000	.000	.000	.000	.000	.000	.000	.000	.000	.000	.000	.000	3.000	2.000	2.000	2.333	1.667	1.500	2.333	1.667	2.000	2.333	2.000	1.500	2.000	1.667	1.500	2.000	1.667	1.500	1.000	1.000	1.000	1.000	1.000	1.000	.646	.778	1.000	.813	.833	1.000	.833	1.000	1.000	.833	1.000	1.000	1.000	1.000	1.000	1.000	1.000	1.000	1.000	1.000	1.000	1.000	1.000	1.000
208.000	.000	.231	.000	.000	.231	.000	.231	.231	.000	.597	.732	.896	.000	.462	.347	.462	.000	.693	.231	.231	.347	.000	.231	.347	2.333	2.333	1.500	2.000	3.000	1.000	2.000	1.667	1.500	2.333	2.000	1.500	1.667	1.667	1.000	2.333	2.333	1.500	1.667	2.333	1.500	1.667	1.667	1.000	.875	1.000	1.000	1.000	.833	1.000	.875	.500	.833	.875	.667	.833	1.000	1.000	1.000	.833	1.000	1.000	1.000	1.000	1.000	.875	.667	.583
212.000	.963	.732	.693	.000	.231	.347	.828	.597	.896	.231	.693	.693	.963	1.059	.896	.963	1.290	1.242	.462	.693	.693	.462	.462	.347	2.667	3.000	2.500	2.000	2.333	1.500	3.333	2.667	3.000	2.000	2.333	1.500	3.667	2.667	2.500	3.667	3.333	3.000	2.667	3.000	2.500	2.000	2.667	2.000	1.000	1.000	1.000	1.000	1.000	1.000	1.000	1.000	1.000	1.000	1.000	1.000	1.000	1.000	1.000	1.000	1.000	1.000	1.000	1.000	1.000	1.000	1.000	1.000
213.000	.231	.231	.347	.000	.462	.000	.000	.000	.000	.000	.000	.000	.000	.000	.000	.000	.000	.000	.000	.000	.000	.000	.000	.000	3.000	2.667	2.500	2.667	2.667	2.000	2.333	2.000	2.000	2.667	2.000	2.000	2.333	2.667	2.000	2.667	2.000	2.000	2.667	2.000	1.500	2.667	2.333	2.000	1.000	1.000	1.000	1.000	1.000	1.000	1.000	1.000	1.000	1.000	1.000	1.000	1.000	1.000	1.000	1.000	1.000	1.000	1.000	1.000	1.000	1.000	1.000	1.000
215.000	.462	.963	.693	.597	.924	.347	1.099	1.195	1.242	.963	.963	.896	.828	.462	.693	.828	.828	.347	.000	.000	.000	.828	.963	.549	2.000	2.667	2.000	2.000	3.000	1.500	1.667	1.667	1.500	2.000	2.667	2.500	2.000	1.667	1.500	1.667	2.000	1.500	1.000	1.333	1.000	2.000	3.000	2.500	1.000	1.000	1.000	.875	1.000	1.000	.750	1.000	1.000	1.000	1.000	1.000	1.000	1.000	1.000	1.000	1.000	1.000	1.000	1.000	1.000	1.000	1.000	1.000
218.000	1.290	1.439	1.242	1.195	1.461	1.242	1.386	1.461	1.609	1.461	1.461	1.099	1.290	1.461	1.242	1.365	1.461	1.354	1.461	1.535	1.242	1.461	1.535	1.386	4.333	4.333	3.000	4.000	4.000	3.500	4.667	4.000	3.500	5.000	4.000	3.000	4.667	4.333	4.000	4.000	3.667	3.000	4.333	4.333	3.500	4.667	4.333	4.000	.750	.833	1.000	.750	1.000	.667	.750	.667	1.000	.875	.833	1.000	1.000	.833	.667	1.000	1.000	1.000	1.000	.778	.833	.833	.833	.833
219.000	.231	.597	.347	1.059	.963	.549	1.099	.963	.896	.828	.462	.347	.597	.462	.000	.366	.597	.347	.000	.231	.000	.693	.693	.693	4.667	3.000	2.500	5.000	4.333	4.000	4.667	3.333	3.500	4.000	3.000	3.000	3.667	3.667	3.000	3.667	2.667	2.500	2.667	2.000	2.000	4.667	3.667	3.000	1.000	.833	.778	1.000	1.000	1.000	1.000	1.000	.833	1.000	1.000	1.000	1.000	1.000	1.000	1.000	1.000	1.000	1.000	1.000	1.000	1.000	1.000	1.000
221.000	.903	.903	1.151	.462	.366	.347	.231	.462	.549	.000	.597	.347	.231	.231	.000	.231	.597	.693	.000	.462	.000	.462	.828	.347	3.667	3.000	1.500	3.667	2.333	2.000	3.333	3.333	2.000	3.333	3.000	3.000	3.000	2.333	1.500	3.000	2.000	2.000	4.000	3.000	2.000	3.333	2.667	2.500	.675	1.000	.778	.750	1.000	.833	.875	1.000	1.000	.875	1.000	1.000	.688	1.000	1.000	.875	1.000	1.000	.833	1.000	1.000	1.000	1.000	1.000
222.000	1.195	1.059	.896	.597	.597	.693	.963	.828	.693	1.059	1.195	.896	.597	.828	.347	.462	.462	.347	.462	.693	.347	.963	1.059	.896	4.000	3.333	3.000	3.667	4.000	2.500	3.667	3.333	2.500	3.333	3.667	3.000	3.000	2.667	2.500	3.000	2.667	2.500	3.000	2.667	2.500	4.000	3.333	3.000	.563	.389	.361	.833	.667	1.000	1.000	1.000	1.000	.875	1.000	1.000	.875	.667	1.000	1.000	1.000	1.000	1.000	1.000	1.000	1.000	1.000	1.000
227.000	1.059	.597	.347	.597	1.059	.693	.462	.597	1.099	.732	.462	.896	.828	.462	.693	.231	.597	.693	.462	.462	.693	.828	.597	.549	2.667	4.000	2.500	2.000	3.333	3.000	1.667	2.000	2.000	2.000	2.333	1.500	2.333	2.000	2.000	1.667	2.333	1.500	1.000	1.333	1.000	1.667	1.667	1.500	.633	.244	.483	.675	.317	.833	.688	1.000	.611	.625	.500	.528	.521	.556	.333	.542	.317	.528	.708	.417	.833	.833	.583	.833
230.000	.462	.924	.896	.000	.693	.347	.231	.366	.347	.000	.462	.000	.366	.693	.896	.231	.597	.693	.828	.693	.693	1.059	.963	1.242	3.000	3.333	2.000	3.333	2.667	2.000	3.333	2.667	2.000	2.000	2.000	1.500	3.667	2.000	2.500	2.667	2.000	2.000	2.667	2.667	2.000	3.667	3.667	3.000	.563	1.000	.833	.750	1.000	1.000	.875	1.000	1.000	.750	1.000	.833	.875	1.000	1.000	.875	1.000	.833	1.000	1.000	.833	.875	1.000	.833
231.000	.000	.693	.549	.366	.693	.549	.000	.231	.347	.231	.231	.347	.000	.462	.000	.000	.462	.000	.000	.000	.000	.000	.231	.000	3.333	3.333	2.000	3.667	2.667	2.500	2.333	2.667	1.500	2.000	1.667	1.500	2.000	2.000	1.500	2.333	2.000	1.000	2.000	2.000	1.500	2.000	2.000	1.500	.542	1.000	1.000	.750	1.000	1.000	.875	1.000	1.000	.875	1.000	1.000	1.000	1.000	1.000	1.000	1.000	1.000	1.000	1.000	1.000	1.000	1.000	1.000
16.000	.000	.462	.000	.732	.693	.347	1.059	.924	.896	.231	.597	.347	.000	.462	.693	.462	.462	.347	.924	.828	.896	1.059	1.195	1.242	4.333	3.333	1.500	4.000	3.667	3.000	4.333	3.333	3.000	4.000	3.000	2.500	1.000	1.333	1.000	2.333	1.667	2.500	4.000	3.000	3.500	3.000	3.000	2.500	.675	1.000	.733	.500	1.000	.833	.750	1.000	.750	.750	.833	.667	1.000	1.000	1.000	1.000	1.000	.833	.625	.500	.667	.875	.833	999.000
21.000	.693	.597	.347	.000	.462	.000	.000	.000	.000	.000	.231	.000	.000	.000	.000	.000	.000	.000	.000	.000	.347	.000	.462	.549	1.667	3.000	2.000	2.000	2.000	1.000	2.000	1.667	1.500	1.667	1.333	1.000	2.000	1.667	1.500	1.667	1.667	1.000	1.667	1.333	1.000	2.000	1.667	2.000	.646	1.000	1.000	.875	.833	.778	.833	1.000	.833	.813	1.000	1.000	.813	1.000	1.000	.688	1.000	999.000	.813	1.000	.833	.813	1.000	.833
82.000	.231	.828	.896	.231	.597	.347	.000	.597	.347	.231	.462	.000	.231	.366	.347	.231	.231	.000	.000	.231	.000	.000	.366	.000	2.333	2.333	1.500	2.667	2.667	2.000	2.667	3.333	2.500	3.333	3.333	3.000	2.333	2.000	1.500	2.333	2.667	1.500	1.000	1.000	1.000	2.667	2.000	2.000	1.000	1.000	.778	1.000	1.000	1.000	1.000	1.000	1.000	1.000	999.000	1.000	1.000	1.000	1.000	1.000	1.000	1.000	1.000	1.000	.833	1.000	1.000	1.000
116.000	.828	.924	1.040	.597	.366	.347	.366	.828	.693	.000	.231	.347	.366	.231	.347	.231	.597	.549	.231	.231	.000	.231	.597	.347	3.667	4.000	4.000	3.333	4.000	3.500	3.333	3.000	2.500	2.667	2.667	2.500	2.333	2.333	1.500	3.667	3.333	2.500	2.667	3.000	2.000	3.667	3.333	3.500	1.000	1.000	.833	1.000	1.000	1.000	1.000	1.000	1.000	1.000	1.000	1.000	1.000	.667	1.000	1.000	1.000	1.000	1.000	1.000	999.000	1.000	1.000	1.000
128.000	.231	.462	.347	.732	.693	.549	.732	.597	.693	.231	.597	.000	1.059	.963	1.040	.924	.768	1.386	.597	.366	.347	1.059	.732	.693	3.000	3.000	2.000	3.333	3.667	3.000	3.667	3.000	3.000	2.333	2.333	1.500	4.000	4.000	4.000	3.333	3.000	2.000	4.667	4.333	3.000	2.333	3.333	1.500	.625	.500	.667	.875	.500	.667	.750	.611	.611	1.000	.500	.833	1.000	.667	.833	999.000	.667	.833	.875	1.000	1.000	1.000	1.000	.833
137.000	1.155	1.195	1.242	1.195	1.290	1.386	1.195	1.195	1.242	.000	.000	.000	1.099	1.099	1.099	1.099	1.099	.896	1.099	1.099	1.099	1.195	.924	1.354	4.667	4.000	3.500	3.667	3.000	3.500	5.000	4.000	4.000	5.000	3.667	3.000	3.000	3.000	3.000	3.000	3.000	3.000	3.000	3.000	3.000	3.000	3.333	3.500	.708	.611	.528	1.000	1.000	.833	1.000	.556	.833	1.000	1.000	1.000	.333	.333	.333	1.000	1.000	.833	.333	.333	.333	999.000	.361	.361
140.000	1.099	.828	1.040	1.195	1.290	1.609	.462	.597	.549	.732	.732	.549	1.195	1.099	1.354	1.195	1.195	1.242	.828	.828	1.040	1.195	1.195	1.386	4.000	4.000	3.000	3.667	4.667	3.500	3.667	3.667	2.000	3.333	4.333	3.500	4.000	5.000	4.500	4.000	4.667	4.500	3.667	3.667	4.000	3.667	4.333	3.500	.667	.344	.583	.688	.361	.556	.625	999.000	.778	.583	.306	.528	.521	.261	.528	.479	.278	.361	.542	.278	.583	.521	.244	.500
161.000	.462	.462	.347	.000	.462	.347	.462	.597	.347	.231	.597	.000	.732	.963	.896	.963	.963	.693	.963	.828	.896	.597	.693	.347	3.667	3.000	1.500	3.333	3.000	2.500	3.667	3.000	2.000	3.667	3.333	2.000	4.333	3.667	3.000	4.333	3.667	3.000	3.333	3.000	3.500	4.000	3.000	3.000	1.000	1.000	1.000	1.000	1.000	1.000	1.000	1.000	1.000	1.000	1.000	1.000	999.000	.833	1.000	1.000	1.000	1.000	1.000	1.000	.833	1.000	1.000	1.000
178.000	.231	.000	.000	.231	.231	.000	.231	.231	.347	.231	.231	.347	.597	.693	.347	.231	.231	.347	.462	.828	.347	.231	.693	.347	2.333	2.000	1.500	3.333	3.000	1.500	2.667	2.667	1.500	2.333	2.333	1.500	3.667	2.333	2.000	3.333	3.000	3.000	4.000	4.000	2.000	3.000	2.667	1.500	1.000	1.000	.833	.875	1.000	1.000	1.000	1.000	1.000	.875	1.000	1.000	.875	.833	999.000	.875	1.000	1.000	.750	.611	1.000	.875	1.000	1.000
194.000	.462	.597	.347	.231	.462	.347	.231	.462	.347	.597	.462	.549	.462	.462	.347	.462	.462	.347	.462	.231	.347	.462	.231	.347	2.333	2.000	1.500	2.667	2.000	2.000	3.000	2.667	1.500	3.667	2.667	2.000	2.667	2.667	2.000	3.000	3.000	2.000	2.667	2.333	2.000	3.667	3.000	2.000	.813	.833	.778	.875	.833	.833	.708	.778	.833	.708	.833	.833	.708	.833	999.000	.708	.833	.667	.875	.833	.833	.750	.833	.667
210.000	1.059	.597	.347	.000	.231	.000	.000	.000	.000	.462	.231	.347	.693	.828	.693	.231	.231	.000	.924	1.059	1.242	.462	.462	.347	2.000	2.667	2.000	2.000	2.000	2.000	1.667	1.333	1.000	3.667	2.333	2.000	2.667	2.000	2.000	2.000	1.667	2.000	3.000	2.667	3.000	2.667	2.667	2.000	1.000	.667	.778	1.000	1.000	1.000	1.000	1.000	1.000	1.000	1.000	1.000	.875	999.000	.833	1.000	1.000	1.000	1.000	1.000	1.000	1.000	1.000	1.000
223.000	.366	.366	.693	.366	.231	.347	.231	.231	.347	.597	.366	.693	.828	.462	1.242	.924	.828	1.242	.462	.462	.693	.462	.462	.693	4.333	3.333	2.500	4.333	4.333	3.500	4.000	3.667	2.500	4.667	4.000	4.000	4.667	4.333	4.500	4.333	5.000	5.000	4.333	3.667	3.500	4.667	4.000	4.500	1.000	1.000	.833	1.000	1.000	.778	1.000	.833	1.000	1.000	.833	.833	1.000	.667	.611	1.000	999.000	.833	1.000	1.000	.667	1.000	1.000	1.000
2.000	.693	.366	.347	.231	.597	.347	.231	.231	.347	.000	.000	.000	.231	.231	.000	.231	.000	.347	.366	.000	.000	.366	.231	.000	2.333	2.000	1.500	1.667	2.333	1.500	999.000	1.667	1.500	2.000	1.667	1.500	2.000	1.667	1.500	3.000	2.333	2.000	2.000	2.000	1.500	2.000	2.333	2.000	.875	1.000	1.000	.875	1.000	1.000	1.000	1.000	1.000	1.000	1.000	1.000	1.000	1.000	1.000	1.000	.833	1.000	1.000	1.000	1.000	1.000	1.000	1.000
18.000	.231	.462	.000	.462	.597	.896	.231	.462	.000	.597	.597	.896	.000	.000	.000	.000	.000	.000	.000	.231	999.000	.231	.231	.896	2.333	3.000	1.500	2.000	2.333	1.500	2.000	2.333	1.500	2.667	2.333	2.000	2.000	2.000	1.500	2.333	2.000	1.500	2.000	2.000	1.500	2.000	2.333	1.500	1.000	1.000	1.000	1.000	1.000	.667	1.000	.833	.778	1.000	1.000	.833	1.000	1.000	999.000	1.000	1.000	1.000	1.000	1.000	.833	1.000	1.000	1.000
41.000	.000	.597	.693	.231	.231	.347	.000	.231	.347	.231	.366	.347	.000	.231	.347	.000	.231	.347	.000	.231	.347	.000	.231	.347	2.667	2.333	1.500	2.333	1.667	1.500	2.333	1.667	1.500	2.000	2.333	1.500	2.000	2.000	1.500	2.000	1.667	1.500	999.000	2.000	1.500	2.000	2.000	1.500	.875	1.000	1.000	1.000	1.000	.833	1.000	1.000	.833	1.000	1.000	.833	1.000	1.000	.833	1.000	1.000	.833	1.000	1.000	.833	1.000	1.000	.833
59.000	.231	.597	.347	.597	.999	.896	999.000	.693	.000	.231	.597	.000	.231	.231	.000	.231	.366	.000	.732	.828	.347	.462	.462	.347	3.000	2.000	3.500	3.000	3.333	2.500	3.000	2.667	3.000	2.667	2.333	2.000	2.667	3.667	2.000	2.667	2.333	2.500	2.667	2.667	3.000	2.667	2.667	2.500	.875	1.000	.778	.875	1.000	.778	.875	1.000	.833	1.000	1.000	1.000	1.000	1.000	1.000	1.000	1.000	1.000	1.000	1.000	1.000	1.000	1.000	1.000
84.000	.000	.231	.000	.231	.231	.000	.231	.231	.000	.231	.000	.693	.231	.231	.000	.231	999.000	.000	.231	.000	.000	.231	.231	.000	2.333	2.333	1.500	3.000	2.333	1.500	2.000	2.333	2.000	2.667	2.333	1.500	3.000	2.333	1.500	2.333	2.000	1.500	2.667	2.333	1.500	2.667	2.333	2.000	.708	.833	1.000	.875	.833	1.000	.875	.833	1.000	.875	.833	1.000	.875	.833	.833	.750	.833	1.000	.750	.833	.444	.750	.833	1.000
88.000	.462	.693	.000	.366	.231	.347	.828	.828	.000	.597	.597	.549	1.269	.963	.805	999.000	.462	.549	.000	.231	.000	.231	.462	.549	1.333	2.000	1.000	1.333	2.000	1.000	2.000	1.667	1.000	1.000	1.000	1.000	1.333	3.333	4.500	1.333	1.667	1.000	1.667	1.000	1.000	1.667	1.333	1.000	.508	1.000	.778	.688	1.000	.750	.875	1.000	.733	.875	1.000	.750	.425	.567	.389	.675	1.000	999.000	.875	1.000	.750	.521	1.000	.733
94.000	.828	1.195	.896	.828	1.134	.896	.693	.828	.693	.828	.828	.896	.462	.462	.693	.693	.693	.693	.693	.693	999.000	.462	.462	.693	2.333	3.667	1.500	2.333	2.667	1.500	2.000	2.000	1.500	2.333	2.333	1.500	2.333	2.333	2.000	2.000	2.333	1.500	2.667	2.333	1.500	2.000	2.667	1.500	.750	.833	.611	.750	1.000	1.000	1.000	.833	1.000	1.000	1.000	.778	1.000	1.000	1.000	1.000	1.000	1.000	1.000	1.000	1.000	1.000	1.000	1.000
98.000	1.195	1.059	.549	.462	.693	.347	.231	.231	.347	.000	.462	.000	.231	.231	.000	.462	.231	.347	.462	.462	.347	.000	.231	.000	3.333	3.333	2.500	2.667	2.000	1.500	2.000	1.667	1.500	999.000	2.000	1.500	2.000	1.667	1.500	2.333	2.667	1.500	2.000	2.000	2.000	2.000	2.000	1.500	1.000	1.000	.833	.750	1.000	1.000	1.000	1.000	1.000	1.000	1.000	1.000	1.000	1.000	1.000	1.000	1.000	1.000	1.000	1.000	1.000	1.000	1.000	1.000
103.000	.000	.462	.000	.000	.231	.347	.000	.231	.000	.000	.000	.000	.000	.000	.000	.000	.231	.000	.000	.000	.000	.000	.231	.000	1.333	2.000	1.500	2.000	1.667	1.500	2.000	2.000	1.500	2.000	1.333	1.500	1.333	1.333	1.000	2.000	1.667	1.000	1.667	999.000	1.500	2.333	2.000	1.500	1.000	1.000	1.000	1.000	1.000	1.000	.875	1.000	1.000	1.000	1.000	1.000	1.000	1.000	1.000	1.000	1.000	1.000	1.000	1.000	1.000	1.000	1.000	1.000
111.000	.963	.924	.896	.963	.693	.896	.462	.462	.347	.000	.597	.693	1.230	1.461	1.242	.000	999.000	.549	.963	1.099	1.040	.462	.963	1.099	2.333	3.333	1.500	3.333	3.000	1.500	3.667	2.667	1.500	2.667	3.333	1.500	3.333	3.333	2.500	3.000	2.000	2.000	3.333	2.667	3.000	4.000	4.000	3.500	.708	.833	.833	.750	1.000	1.000	1.000	1.000	1.000	1.000	1.000	1.000	.875	.528	1.000	.875	1.000	1.000	.750	.500	.611	1.000	.833	.833
167.000	.597	.462	.000	.000	.462	.000	.000	.000	.000	999.000	.000	.000	.000	.000	.000	.000	.000	.000	.000	.000	.000	.000	.000	.000	1.333	1.333	1.500	1.667	1.333	1.500	1.667	1.333	1.500	2.000	1.667	1.500	2.000	1.667	1.500	2.000	1.667	1.500	2.000	1.667	1.500	1.000	1.000	1.000	1.000	1.000	1.000	1.000	1.000	1.000	1.000	1.000	1.000	1.000	1.000	1.000	1.000	1.000	1.000	1.000	1.000	1.000	1.000	1.000	1.000	1.000	1.000	1.000
185.000	.231	.462	.347	.231	.366	.000	.231	.231	.693	.924	.828	.693	.693	.462	.347	.000	.000	.000	.000	.231	.000	1.099	.732	.549	1.333	2.667	2.000	2.667	2.667	1.500	1.667	2.333	1.500	3.333	3.333	2.500	2.000	2.000	1.500	1.000	1.000	1.000	1.667	2.000	1.500	999.000	3.000	3.000	.688	.778	.344	.750	.833	.667	1.000	.833	1.000	1.000	.667	.778	1.000	.833	.833	1.000	1.000	1.000	1.000	1.000	1.000	1.000	1.000	.833
203.000	1.365	1.230	1.040	.828	.828	1.099	.231	.597	.693	1.099	.963	.693	.828	999.000	.693	.597	.924	1.040	.231	.693	.347	.231	.462	.549	4.333	3.667	3.000	4.000	3.333	3.000	2.667	2.333	2.000	3.333	3.333	2.000	3.333	3.333	3.000	4.000	3.000	3.000	3.000	2.667	1.500	2.333	2.667	1.500	.646	.417	.417	.667	.556	.444	.521	.500	.611	.667	.444	.417	.583	.667	.556	.750	.444	.361	.750	.667	.611	.625	.500	.389
8.000	.963	.963	.549	.963	.963	1.099	.963	1.195	1.242	.963	.462	.347	.366	.366	.693	.231	.693	.347	.732	.597	.693	.732	1.195	.549	3.000	3.000	3.500	2.667	2.000	1.500	3.000	2.333	2.000	4.000	2.333	3.000	2.667	2.333	1.500	4.333	3.667	2.000	3.000	4.000	3.000	2.667	3.000	2.000	1.000	1.000	.833	.875	.333	.361	1.000	1.000	1.000	1.000	1.000	1.000	1.000	1.000	.833	999.000	1.000	999.000	.875	.833	.611	1.000	1.000	1.000
99.000	1.386	1.155	.896	.924	1.195	1.099	1.290	1.290	1.099	1.386	1.290	1.242	1.386	1.290	1.099	1.155	1.386	1.040	1.290	1.290	1.099	1.290	1.290	1.242	4.000	3.667	2.500	4.000	3.000	3.000	3.667	3.000	3.000	3.667	3.667	3.000	3.667	3.333	3.000	4.667	4.000	4.500	3.667	3.333	2.500	4.000	4.000	3.500	1.000	1.000	1.000	1.000	1.000	1.000	1.000	999.000	1.000	1.000	1.000	1.000	1.000	1.000	1.000	1.000	1.000	1.000	1.000	1.000	1.000	999.000	1.000	1.000
104.000	1.386	1.439	1.242	1.365	1.269	1.498	1.609	1.535	1.498	1.609	1.609	1.498	1.461	1.535	1.609	1.609	1.609	1.609	1.461	1.365	1.498	1.099	1.195	1.242	2.333	3.000	2.500	4.000	3.333	4.500	4.333	4.000	3.000	3.333	4.000	2.500	3.667	3.000	4.000	3.000	3.333	3.500	2.667	3.000	2.500	2.333	2.333	2.500	.279	.278	.528	.479	.306	.528	.396	999.000	.500	.213	.217	.300	.271	.250	.278	.292	.278	.333	.250	.217	999.000	.354	.306	.278
120.000	.231	.462	.347	.000	.366	.000	.000	.231	.000	.000	999.000	.000	.000	.231	.000	.000	.462	.000	.000	.000	.000	.000	.000	.000	1.333	1.333	1.000	1.333	1.333	1.000	1.333	1.333	1.500	1.333	1.333	1.500	2.000	1.333	1.500	1.333	1.333	1.500	1.667	1.333	1.500	1.667	1.667	1.000	1.000	1.000	1.000	1.000	1.000	1.000	1.000	999.000	1.000	.800	1.000	999.000	1.000	1.000	1.000	1.000	1.000	1.000	1.000	1.000	1.000	1.000	1.000	1.000
5.000	.732	.903	.549	.597	.693	.549	.231	.231	.347	.597	.366	.549	.597	.597	.347	.231	.462	.549	.597	.462	.549	.693	.462	.347	2.000	2.333	1.500	3.667	2.000	2.000	2.667	2.333	1.500	2.000	2.000	1.500	3.000	2.333	2.000	2.000	1.667	1.500	2.000	2.000	2.000	3.333	3.000	2.500	1.000	1.000	.778	1.000	1.000	1.000	1.000	1.000	1.000	1.000	1.000	1.000	1.000	1.000	1.000	1.000	1.000	.833	1.000	1.000	1.000	1.000	1.000	1.000
7.000	1.099	1.195	1.099	.963	.828	.693	.231	.231	.000	1.535	1.535	.693	.366	1.099	.896	.963	.366	.347	.462	.462	.347	1.290	1.365	.896	3.333	3.000	1.500	2.667	3.000	2.000	3.333	2.667	2.000	4.000	3.667	2.000	3.000	2.667	2.000	3.333	3.000	2.500	2.000	2.333	1.500	2.667	2.667	2.500	.750	.833	1.000	.688	.667	1.000	.675	.833	1.000	.646	.667	.778	.875	.833	1.000	.417	.833	.611	.688	.611	1.000	.300	.306	.333
23.000	.000	.231	.347	.597	.597	999.000	.231	.693	.000	.597	.366	.549	.231	.231	.000	.000	.000	.000	.000	.462	.000	.231	.000	.347	1.333	1.667	1.500	999.000	2.000	1.000	2.333	2.333	1.500	1.667	1.667	1.500	2.333	1.667	1.500	1.333	1.333	1.000	2.000	2.333	1.500	2.333	2.000	1.500	1.000	1.000	1.000	1.000	1.000	1.000	1.000	1.000	1.000	1.000	1.000	1.000	1.000	1.000	1.000	1.000	1.000	1.000	1.000	1.000	1.000	1.000	1.000	1.000
31.000	.000	.693	.549	.231	.693	.693	.000	.231	.000	.231	.462	.693	.231	.597	.896	.000	.462	.693	.597	.366	.693	.924	.828	.896	3.333	2.667	2.000	3.333	3.000	2.000	2.333	2.667	2.000	2.667	2.000	1.500	3.000	1.667	1.500	3.000	2.333	1.500	2.667	2.000	1.500	3.000	2.333	1.500	.542	.833	.778	.542	.500	.500	1.000	1.000	1.000	.500	.833	.778	.646	.833	.556	.667	.833	.417	.625	.500	.611	.750	.500	.583
45.000	.963	.693	.693	.231	.732	.347	.231	.462	.347	.462	.000	.000	.462	.231	.549	.231	.231	.000	.462	.231	.000	.000	.597	.000	2.667	2.667	2.000	2.667	2.000	1.500	2.667	1.667	1.500	2.667	2.333	999.000	3.333	2.667	1.500	3.000	2.333	2.000	2.333	2.000	1.500	2.000	1.667	1.000	1.000	1.000	.833	1.000	1.000	1.000	1.000	1.000	1.000	1.000	1.000	1.000	1.000	1.000	1.000	1.000	1.000	1.000	1.000	1.000	1.000	.833	1.000	1.000
47.000	.462	.462	.347	.462	.597	.347	.462	.366	.347	.231	.462	.000	.231	.462	999.000	.231	.462	.347	.693	999.000	.693	.693	.693	.347	2.333	2.333	2.000	2.000	1.667	1.500	2.000	2.000	2.000	2.000	1.667	2.500	2.000	1.667	1.500	2.000	2.000	1.500	2.000	1.667	1.500	2.333	1.667	1.500	1.000	1.000	1.000	1.000	1.000	1.000	1.000	1.000	1.000	1.000	1.000	1.000	1.000	1.000	1.000	1.000	1.000	1.000	1.000	1.000	1.000	1.000	1.000	1.000
50.000	.462	.828	.347	.462	.693	.347	.828	.597	.896	.462	.693	.693	.693	.597	.347	.462	.693	.896	.231	.924	.896	.366	1.059	.549	2.667	2.333	2.000	2.667	2.667	1.000	2.667	2.333	2.000	2.667	2.667	2.000	3.000	2.333	2.500	2.000	2.333	1.500	2.667	2.667	2.000	2.667	2.000	1.500	.688	1.000	.833	1.000	1.000	1.000	.625	.778	.833	.750	.833	.667	.833	.778	.500	.750	.833	.667	.750	.833	.833	.875	1.000	.833
53.000	1.290	1.155	1.242	1.290	.924	1.498	.828	.924	1.386	.999	1.155	1.498	1.195	1.059	1.386	1.365	1.134	1.609	1.386	1.230	1.609	1.155	1.386	1.386	4.333	4.333	4.000	5.000	5.000	4.500	5.000	4.333	4.500	5.000	4.667	4.500	5.000	4.667	4.500	5.000	5.000	5.000	5.000	5.000	5.000	5.000	999.000	4.500	.833	1.000	.611	.688	1.000	.833	.875	.833	.611	.750	.833	.833	.875	.833	.778	.688	.833	999.000	.625	.667	.833	999.000	.417	.611
54.000	.828	.999	.805	1.195	1.230	1.354	1.195	.828	.805	1.290	1.155	.693	999.000	.462	.000	.462	.693	1.040	1.386	1.290	1.386	1.386	1.155	1.354	3.667	3.333	2.000	4.333	3.333	2.500	3.667	999.000	3.000	3.667	4.000	3.000	2.000	2.333	1.500	2.000	2.000	1.500	4.000	4.000	3.500	999.000	3.667	2.500	.708	1.000	.833	.708	1.000	1.000	.813	.583	.778	.667	.556	.778	.708	999.000	.833	.750	.833	.778	1.000	1.000	1.000	1.000	1.000	999.000
55.000	.000	.231	.000	.000	.000	.000	.000	.000	.000	.366	.231	.347	.000	.000	.000	.000	.000	.000	.000	.000	.000	.000	.000	.000	3.000	2.333	2.000	2.667	2.667	3.000	2.000	2.000	1.500	3.333	2.667	2.000	2.000	2.000	2.000	2.333	1.667	1.500	2.333	2.667	3.000	2.667	2.000	2.000	1.000	1.000	1.000	1.000	1.000	1.000	1.000	1.000	1.000	1.000	1.000	1.000	1.000	1.000	1.000	1.000	1.000	1.000	1.000	1.000	1.000	1.000	1.000	1.000
60.000	.000	.231	.000	.000	.000	999.000	.000	.231	.000	.000	.000	.000	.000	.000	.000	.000	.231	.000	.000	.000	.000	.000	.231	.000	2.333	2.333	1.500	2.333	2.000	2.000	2.333	2.667	1.500	2.000	3.000	1.500	3.000	2.667	1.500	1.667	2.667	1.500	1.667	2.667	1.500	2.000	2.667	1.500	1.000	1.000	1.000	1.000	1.000	1.000	1.000	1.000	1.000	1.000	1.000	1.000	1.000	1.000	1.000	1.000	1.000	1.000	999.000	999.000	1.000	1.000	1.000	1.000
66.000	.000	.597	.347	.462	.597	.000	1.099	.597	.000	.462	.597	.347	.231	.597	.347	.366	999.000	.549	.366	.732	.549	999.000	.924	1.099	1.667	2.000	1.500	2.667	1.667	1.500	2.667	2.000	1.500	1.667	1.333	1.500	2.333	1.667	1.000	2.000	1.667	1.500	2.333	1.667	1.500	3.000	2.333	1.500	1.000	1.000	1.000	1.000	1.000	1.000	1.000	1.000	1.000	1.000	1.000	1.000	1.000	999.000	1.000	1.000	.833	.667	1.000	1.000	1.000	1.000	1.000	1.000
69.000	.462	.000	.000	.000	.462	.000	.231	.000	.000	.462	.000	.000	.231	.000	.000	.231	999.000	.000	.231	.231	.000	.231	.000	.000	1.667	1.667	1.500	1.000	1.333	1.500	2.000	1.667	1.500	1.000	1.000	1.000	1.667	1.667	1.500	1.667	1.333	1.000	1.667	1.667	1.500	2.000	1.667	1.500	1.000	1.000	1.000	.875	1.000	1.000	1.000	1.000	1.000	.875	1.000	1.000	1.000	1.000	1.000	1.000	1.000	1.000	1.000	1.000	1.000	1.000	1.000	1.000
72.000	.366	.462	.000	.462	.597	.000	.693	.924	.549	.597	.693	.549	.231	.231	.000	.462	.597	.347	.000	.000	.549	.462	.231	.000	1.000	2.333	1.500	2.000	1.667	1.500	2.000	3.000	1.500	2.000	3.000	2.500	1.000	1.667	1.500	1.000	1.667	1.500	1.000	999.000	1.000	1.000	1.333	1.000	.875	1.000	.667	1.000	1.000	1.000	.833	1.000	1.000	1.000	1.000	1.000	.750	1.000	.833	1.000	1.000	1.000	.875	1.000	1.000	.833	1.000	.778
78.000	.828	1.059	.896	.462	.828	.549	.231	.597	.693	999.000	.366	999.000	.231	.000	.000	.231	.231	.000	.000	.000	.000	.000	.000	.000	4.333	4.333	3.000	2.667	2.000	2.000	2.333	2.000	1.500	2.667	2.000	1.500	2.667	2.000	1.500	2.333	2.000	1.500	2.333	1.667	1.500	2.000	1.667	1.500	1.000	1.000	.833	1.000	1.000	1.000	1.000	1.000	1.000	999.000	1.000	999.000	1.000	1.000	1.000	1.000	1.000	1.000	1.000	1.000	1.000	1.000	1.000	1.000
86.000	.693	.462	.693	.000	.366	.000	.231	.231	.347	.000	999.000	.000	.462	.462	.000	.963	.924	.896	.000	.000	.000	.000	.231	.000	2.667	3.000	1.500	2.667	3.000	3.000	2.667	2.333	1.000	1.000	1.667	1.000	1.333	1.333	1.000	3.333	3.333	2.500	1.667	1.333	1.500	1.333	1.333	1.500	1.000	1.000	1.000	1.000	1.000	1.000	.875	1.000	1.000	1.000	1.000	1.000	1.000	1.000	1.000	.833	1.000	.778	1.000	1.000	1.000	1.000	1.000	1.000
92.000	.366	1.195	1.242	1.059	1.059	1.242	.732	.597	.549	.462	.231	.347	.000	.000	.000	.462	.000	.000	.000	.000	.000	.000	.000	.000	3.333	3.667	2.500	3.333	3.333	3.500	999.000	4.000	4.500	4.667	4.667	3.000	4.000	4.000	3.000	4.667	3.667	3.000	4.000	3.667	2.500	4.333	3.667	2.500	.813	.833	.750	.646	.556	.611	.625	.667	.528	.750	.833	.833	.708	.833	.667	.750	.583	.833	.833	1.000	.833	.875	.833	.778
95.000	.828	.693	.896	1.290	1.059	1.386	1.195	1.155	1.242	.693	.462	.347	1.290	1.290	1.242	1.290	.999	1.040	.231	.597	.347	.366	.366	.347	3.000	2.667	2.000	2.667	3.000	2.000	2.667	2.333	2.000	2.333	2.333	1.500	3.000	3.000	2.500	2.667	3.000	2.500	2.333	2.000	1.500	2.000	2.667	2.000	.708	.667	.667	.500	.833	.667	.542	.389	.556	.708	.833	.833	.708	.389	.611	.542	.389	.361	.708	.833	.833	.750	1.000	.833
100.000	.768	.768	.693	1.535	1.365	1.151	1.535	1.439	1.354	.693	.828	.896	.828	.462	.693	.462	.231	.896	.462	.231	999.000	.000	.000	.896	2.667	2.333	2.500	3.333	4.333	4.000	4.333	4.000	4.000	3.000	2.333	2.500	2.667	2.000	2.000	2.000	2.000	1.500	2.000	1.667	1.000	1.333	1.333	1.000	1.000	1.000	.833	.446	.333	.306	.583	.833	.444	.833	1.000	.611	1.000	1.000	1.000	.875	1.000	1.000	1.000	1.000	1.000	1.000	1.000	1.000
110.000	1.059	.999	.693	.597	.462	.896	.828	.597	.896	.462	.231	.347	.828	.597	.896	.693	.462	.347	.231	.231	.347	.597	.231	.347	3.667	3.667	3.500	4.333	4.000	3.500	4.333	4.333	3.000	3.333	3.333	2.000	4.333	4.667	3.500	3.000	3.000	2.500	3.000	2.667	2.000	3.000	3.333	2.500	.550	.500	.483	.542	.750	.583	.875	.833	.667	.875	1.000	.833	.875	1.000	.528	.833	.667	999.000	.875	1.000	1.000	.813	1.000	.611
112.000	.536	.732	.000	.828	1.059	1.040	.597	.231	.549	.963	1.059	1.099	.462	.366	.347	.231	.462	.347	.597	.963	.896	.000	1.099	1.040	999.000	3.333	1.500	4.333	2.333	5.000	2.667	2.667	1.500	1.667	2.667	2.000	2.333	1.667	1.500	2.333	2.000	1.000	3.667	3.333	3.000	4.000	4.667	4.000	.833	.778	.733	.417	.444	.444	.688	1.000	.750	1.000	1.000	1.000	1.000	1.000	.833	.833	.667	.667	.750	.306	.417	.458	.611	.389
119.000	.732	1.059	.347	.597	1.059	1.040	.732	.924	1.151	.732	.597	.000	.693	.693	.693	.597	1.059	.896	.924	.999	.693	.924	.924	.693	2.333	3.667	1.500	2.000	999.000	2.500	2.333	3.667	1.500	2.000	3.333	1.500	3.000	3.667	1.500	2.000	3.000	1.500	3.000	3.333	2.500	3.000	2.667	4.000	.875	.833	.611	1.000	1.000	1.000	1.000	999.000	.833	1.000	.833	.833	1.000	1.000	.833	1.000	.833	.778	1.000	1.000	.833	1.000	1.000	1.000
122.000	.693	.693	.896	.000	.000	.000	.000	.000	.000	.000	.000	.000	.000	.000	.000	.000	.000	.000	.000	.000	999.000	.000	.000	.000	3.000	3.667	2.000	2.000	2.000	1.500	2.000	1.667	1.500	2.000	1.667	999.000	2.000	1.667	1.500	999.000	1.667	1.500	1.000	2.333	1.000	2.000	1.667	1.500	.708	.556	.611	1.000	.667	1.000	1.000	1.000	1.000	1.000	1.000	1.000	1.000	1.000	1.000	1.000	1.000	1.000	1.000	1.000	1.000	1.000	1.000	1.000
124.000	1.059	.597	.347	.462	.462	.000	.462	.462	.000	1.230	.693	.347	1.073	.536	.347	.999	1.134	.896	.963	.963	1.242	1.059	1.155	1.040	2.667	2.667	2.000	2.333	3.667	1.500	2.000	2.000	2.000	3.000	999.000	3.500	4.333	2.667	4.500	3.333	3.667	4.000	1.333	2.000	1.000	2.333	3.000	2.500	.750	.833	1.000	.875	1.000	1.000	1.000	1.000	1.000	.875	1.000	1.000	.875	.333	.778	1.000	1.000	1.000	1.000	1.000	1.000	1.000	1.000	1.000
129.000	.462	.462	.347	.693	.693	.693	.828	.828	999.000	.693	.693	.347	999.000	.462	.347	.462	.693	.347	.963	1.099	1.099	.963	.828	.896	2.000	1.667	1.500	2.333	2.000	1.500	2.000	2.000	1.500	2.000	2.000	1.500	2.333	2.000	1.500	2.667	2.333	2.000	2.000	2.000	1.500	2.000	2.333	2.000	.875	1.000	1.000	1.000	1.000	.833	1.000	1.000	.833	1.000	1.000	1.000	1.000	1.000	1.000	1.000	1.000	1.000	1.000	1.000	1.000	1.000	1.000	1.000
143.000	.000	.231	.347	.231	.231	.693	.462	.597	.693	.231	.231	.347	.000	.000	.347	.000	.231	.347	.000	.000	.347	.000	.231	.347	2.000	1.667	1.000	2.000	1.667	1.500	2.000	1.667	1.500	2.667	2.000	1.500	2.000	1.667	1.500	1.333	1.667	1.500	1.667	1.667	1.500	2.000	1.667	1.500	.875	1.000	.833	1.000	1.000	1.000	1.000	1.000	1.000	1.000	1.000	1.000	1.000	1.000	.833	1.000	1.000	1.000	1.000	1.000	1.000	1.000	1.000	1.000
144.000	.000	.462	.000	.231	.231	.000	.000	.597	.000	.693	.693	1.040	.597	.597	.549	.231	.231	.347	.000	.231	.347	.828	.693	.549	2.333	2.000	1.500	2.667	2.667	1.500	999.000	2.667	1.500	3.333	3.000	2.500	3.333	3.000	2.000	3.333	3.333	2.500	2.667	2.667	1.500	4.000	3.333	3.000	.875	1.000	.833	1.000	.833	.833	1.000	1.000	.833	1.000	1.000	1.000	1.000	1.000	1.000	1.000	1.000	1.000	1.000	1.000	.833	1.000	1.000	1.000
149.000	.462	.693	.896	.924	1.290	1.242	.462	.828	.693	.828	.828	.896	.828	.828	.896	1.059	1.195	1.099	.000	.000	.347	.828	.924	.693	3.667	2.667	2.000	4.000	3.000	2.500	4.000	3.333	3.000	3.667	3.000	2.500	4.000	3.000	2.500	4.000	3.000	3.500	2.333	2.333	1.500	5.000	4.000	3.500	.625	.611	.833	.750	.778	.833	.875	.833	1.000	.708	.667	.667	.625	.833	.667	.875	.833	1.000	1.000	1.000	.833	999.000	1.000	1.000
151.000	.366	.597	.000	.231	.462	.000	.000	.231	.347	.231	.693	.347	.000	.000	.000	.231	.000	.347	.000	.000	.000	.693	.462	.347	2.000	2.000	1.500	2.333	2.000	1.500	2.000	1.667	1.500	2.000	1.667	1.500	2.000	1.667	1.500	2.000	1.667	1.500	2.000	999.000	1.000	2.333	2.333	2.500	.875	1.000	.667	.875	1.000	1.000	1.000	1.000	1.000	1.000	1.000	1.000	1.000	1.000	1.000	1.000	1.000	1.000	1.000	1.000	1.000	1.000	1.000	1.000
164.000	.597	.597	.549	.963	.597	.347	.462	.462	.347	.462	.462	.000	.462	.462	.347	.597	.462	.347	.231	.462	.000	.462	.231	.347	2.333	2.667	2.000	2.667	2.000	2.000	2.000	2.333	2.000	3.000	2.667	2.000	2.667	2.667	2.000	3.000	3.000	2.500	2.667	2.333	2.000	3.333	3.333	2.500	.646	.500	.511	.813	.833	.611	.708	1.000	.778	.688	.667	.528	.708	.833	.556	.875	.611	.556	.750	.833	.611	1.000	.833	.556
165.000	.828	1.059	1.386	.828	.828	1.040	.462	.693	.693	.462	.693	.896	.462	999.000	.693	.693	.693	.693	.462	.693	.347	.462	.693	.693	2.667	2.333	2.000	2.333	3.000	3.000	3.333	3.667	3.000	2.667	2.333	2.500	2.667	2.333	2.000	2.667	2.667	2.000	2.667	3.000	2.000	2.667	2.667	2.000	.750	1.000	.667	.875	1.000	.667	1.000	1.000	1.000	1.000	1.000	1.000	1.000	1.000	1.000	1.000	1.000	.833	1.000	1.000	1.000	1.000	1.000	1.000
169.000	.000	.597	.000	.693	.366	1.040	.231	.597	999.000	999.000	.231	.000	.231	.000	.000	.231	.000	.000	.000	.000	.549	.231	.231	.000	2.000	2.000	2.500	3.000	2.333	3.000	3.000	2.000	1.500	2.000	2.000	1.500	3.000	2.333	2.000	2.000	1.667	2.500	2.333	1.667	1.500	2.000	2.000	3.000	1.000	1.000	1.000	1.000	1.000	1.000	1.000	1.000	1.000	1.000	1.000	1.000	1.000	1.000	1.000	1.000	1.000	999.000	1.000	1.000	1.000	1.000	1.000	1.000
173.000	.231	.462	.693	.462	.231	.347	999.000	.231	.347	.231	.693	.347	.000	.000	.347	.000	.231	.347	.366	.000	.347	.000	.462	.000	2.667	2.667	2.500	2.667	1.667	1.500	3.333	2.000	2.000	3.333	3.333	2.000	2.667	3.000	2.000	3.667	3.000	2.500	1.000	1.000	1.000	3.667	2.667	2.500	.833	.833	1.000	.875	999.000	.833	.750	.833	1.000	.750	.833	.833	.750	1.000	1.000	1.000	1.000	1.000	.875	.833	.833	.875	.833	1.000
177.000	.462	.462	.549	.693	.828	.000	.828	.828	.347	.828	.693	.693	1.195	.828	.896	.462	.366	.347	.963	.732	.347	.597	.597	.000	2.667	2.667	2.500	3.000	2.667	2.000	3.000	3.000	2.500	3.000	2.667	2.000	4.000	4.000	3.500	2.667	2.000	2.000	1.667	2.000	2.000	2.333	2.000	2.000	.625	.833	.444	.875	1.000	.444	1.000	.833	1.000	.875	.833	.667	.875	.833	.444	1.000	1.000	1.000	.583	.833	.833	.750	.833	.667
192.000	.231	.462	.000	.462	.732	.347	.000	.732	.000	.000	.231	.000	.000	.231	.000	.000	.000	.000	.000	.000	.000	.000	.000	.000	2.333	2.000	1.500	2.667	2.000	1.500	2.333	2.000	1.500	2.333	2.000	1.500	2.333	999.000	1.500	2.000	1.667	999.000	2.000	1.667	1.500	2.000	1.667	1.500	.750	1.000	1.000	.750	1.000	.833	.875	1.000	1.000	1.000	1.000	1.000	1.000	1.000	1.000	1.000	1.000	999.000	1.000	1.000	1.000	1.000	1.000	1.000
200.000	.000	.000	.000	.000	.000	.000	.000	.000	.000	.231	.000	.000	.000	.000	.000	.000	.000	.000	.732	.000	.000	.000	.000	.000	2.333	1.667	1.500	3.000	2.667	2.000	2.667	2.667	2.000	4.333	3.000	2.500	2.000	1.667	2.000	1.000	1.000	1.000	2.000	2.000	1.500	3.000	2.667	2.000	1.000	1.000	1.000	1.000	1.000	1.000	1.000	1.000	1.000	1.000	1.000	1.000	1.000	1.000	1.000	1.000	1.000	1.000	1.000	1.000	1.000	1.000	1.000	1.000
204.000	.231	.462	.347	.231	.231	.000	.231	.462	.000	.000	.231	999.000	.462	.462	.347	.462	.462	.347	.231	.462	.347	.231	.462	.000	2.333	1.667	1.500	2.000	1.667	1.500	2.000	2.000	1.500	2.000	1.667	1.500	2.000	1.667	1.500	2.667	999.000	2.000	1.333	1.333	1.000	2.333	2.000	1.500	.875	1.000	1.000	1.000	1.000	1.000	1.000	1.000	1.000	1.000	1.000	1.000	.750	1.000	1.000	1.000	1.000	1.000	1.000	1.000	1.000	1.000	1.000	1.000
206.000	1.099	.963	.896	1.195	1.099	1.099	1.099	1.099	1.099	1.609	1.461	1.151	1.099	.963	1.099	.693	.828	1.099	999.000	.597	.347	.828	.828	1.099	3.000	3.000	3.000	3.000	3.667	4.000	2.667	2.333	2.500	5.000	5.000	5.000	3.000	3.667	3.000	3.667	3.000	2.500	999.000	3.000	3.000	2.667	2.667	2.000	.458	.361	.667	.688	.833	1.000	.708	.833	.667	.500	.333	.278	.583	.500	.583	.500	.444	.611	.813	.611	1.000	.354	.333	.333
207.000	.462	.828	.896	.231	.597	.549	1.155	.924	.693	.000	.231	.347	1.155	.828	.347	.693	.828	.896	.828	.597	.549	.597	.732	.693	4.333	3.000	3.500	3.000	2.000	2.500	5.000	4.333	4.000	2.000	2.333	1.000	4.667	4.333	4.500	5.000	4.000	3.500	3.333	3.000	2.000	3.000	2.667	2.000	.875	.778	.750	.750	1.000	.611	.708	.611	.444	1.000	1.000	.667	.563	.444	.389	.750	.833	.667	.833	.833	.833	.750	1.000	.667
209.000	.462	.693	.693	.462	.462	.000	.366	.597	.347	.366	999.000	999.000	.597	.828	.896	.597	.597	.896	.462	.597	.896	.231	.462	.347	2.333	2.000	1.500	2.333	2.333	1.500	2.333	2.000	1.500	2.000	2.000	1.500	2.333	2.000	2.000	2.000	2.000	2.000	2.000	2.667	2.000	2.000	1.667	1.500	.813	.389	.778	.833	.333	.750	.833	.833	.833	1.000	1.000	1.000	1.000	.833	.833	.875	1.000	.833	.833	999.000	1.000	.750	.667	1.000
224.000	.000	.231	.347	999.000	.231	.347	.000	.231	.347	.000	.231	.000	.000	.000	.000	.693	.693	.693	.000	.231	.000	999.000	.462	.347	1.667	1.667	1.500	2.333	1.667	1.500	2.000	2.000	1.500	2.000	2.000	2.000	2.000	1.667	1.500	2.000	2.000	2.000	2.000	1.667	1.500	2.667	3.000	2.000	.583	.833	.667	1.000	1.000	1.000	1.000	1.000	1.000	1.000	999.000	1.000	1.000	1.000	1.000	1.000	1.000	.833	1.000	.778	.778	1.000	1.000	1.000
29.000	.000	.231	.000	.000	.231	.000	.000	.000	.000	.000	.366	.000	.000	.000	.000	.000	.000	.000	.000	.000	.000	.000	.000	.000	2.333	2.333	1.500	3.000	2.333	1.500	3.000	2.333	2.000	4.000	2.667	2.000	3.333	2.333	2.000	3.333	2.333	2.500	2.667	2.333	1.500	3.000	2.333	1.500	.875	1.000	1.000	1.000	1.000	1.000	1.000	999.000	1.000	1.000	1.000	1.000	1.000	1.000	999.000	1.000	999.000	1.000	1.000	1.000	1.000	1.000	1.000	1.000
49.000	.000	.693	.347	.231	.693	.347	.000	.231	.000	.462	.693	.549	.231	.462	.000	.000	.231	.347	.000	.000	.000	.000	.000	.000	3.333	3.000	2.000	3.333	2.667	2.500	3.667	3.000	2.500	4.667	3.333	3.500	4.000	3.000	2.000	3.667	3.000	2.500	999.000	1.667	1.500	3.333	2.333	2.000	1.000	1.000	1.000	1.000	1.000	.833	1.000	999.000	1.000	1.000	1.000	999.000	1.000	1.000	1.000	999.000	1.000	1.000	1.000	1.000	1.000	1.000	1.000	1.000
58.000	.231	.000	.000	.366	.462	.000	.366	.231	.000	.000	.231	.000	.366	.597	.000	.231	.231	.000	.597	999.000	.000	.231	.231	.000	2.667	2.667	2.000	3.333	999.000	2.000	2.667	2.333	2.500	3.000	2.333	2.500	3.667	3.000	2.500	2.333	999.000	2.000	2.000	2.000	1.500	2.333	2.000	2.500	.875	1.000	1.000	1.000	1.000	999.000	1.000	999.000	1.000	1.000	1.000	1.000	999.000	1.000	1.000	1.000	1.000	1.000	1.000	1.000	1.000	1.000	1.000	1.000
202.000	.231	.462	.000	.693	.903	.549	.000	.462	.000	.000	.000	.000	.000	.462	.000	.000	.231	.000	.000	.000	.000	.000	.231	.000	2.000	2.000	2.000	3.333	3.667	3.500	2.333	2.667	1.500	1.667	1.667	2.000	2.333	2.000	1.500	1.667	2.000	1.500	1.333	1.667	1.500	2.000	1.667	1.500	.875	.833	1.000	.875	999.000	.833	1.000	.833	1.000	1.000	.833	999.000	.875	.833	999.000	1.000	.833	1.000	1.000	.833	1.000	1.000	.833	1.000
232.000	.693	.999	.693	999.000	.768	.549	.597	1.134	.000	.597	.768	.000	.000	.000	.000	.999	.924	1.040	.693	.828	.000	.000	.366	.347	3.333	2.667	2.500	3.333	2.333	2.000	3.333	3.000	2.000	2.667	2.333	2.000	1.667	1.333	1.000	5.000	999.000	2.500	2.000	1.667	1.500	999.000	1.667	1.500	.583	.833	.444	.708	.389	.528	.458	.333	999.000	.479	.444	.528	1.000	1.000	1.000	.875	.500	999.000	1.000	1.000	1.000	1.000	1.000	999.000
26.000	.000	.693	.693	.231	.462	.693	.693	.828	.896	.000	.462	.693	.000	.000	.000	.000	.462	.693	.000	.231	.000	.462	.231	.000	1.000	1.333	1.000	1.000	1.000	1.000	3.000	3.000	2.500	1.333	1.667	1.000	2.000	1.667	2.000	4.000	3.000	2.500	999.000	1.000	1.000	3.667	2.667	3.000	.646	.667	.667	.625	.667	1.000	.563	.667	999.000	.750	.833	1.000	.708	.444	999.000	.813	.667	.500	.875	.833	999.000	.750	.667	.667
155.000	.462	.597	.693	.231	.462	.347	.366	.597	.347	.000	.000	.000	.231	.231	.347	.828	.828	.693	.462	.462	.693	.231	.462	.347	1.000	1.333	1.000	1.667	1.667	1.000	2.000	2.000	1.500	2.000	1.667	1.500	1.000	1.667	1.500	2.000	2.000	2.000	2.000	2.000	1.500	1.000	1.667	1.500	1.000	.750	1.000	.875	.778	1.000	1.000	.833	1.000	1.000	.778	1.000	1.000	.778	1.000	1.000	999.000	1.000	1.000	.611	.833	1.000	.778	1.000
12.000	.597	.693	.347	.597	.903	1.354	.597	.597	.347	.231	.462	.347	999.000	.462	999.000	.963	.597	999.000	.462	.597	.000	.000	.000	.000	2.667	3.000	1.500	3.667	3.000	2.000	3.000	3.000	1.500	2.333	3.000	1.500	3.333	3.667	3.000	2.333	3.000	2.500	2.333	1.333	1.000	1.667	1.667	1.000	.875	.833	.444	.583	1.000	.611	.750	1.000	.778	.833	1.000	.833	.813	999.000	.667	.813	1.000	.667	.813	1.000	.778	.833	1.000	.778
163.000	.366	.693	.347	.462	.903	.000	1.269	1.230	.805	1.134	1.365	.805	.693	.963	.549	.693	.536	.693	.693	.693	.347	.597	.462	.347	1.333	1.667	1.500	1.667	2.667	2.000	3.333	3.667	3.000	4.333	4.000	3.000	2.667	999.000	2.000	999.000	2.000	999.000	2.000	2.333	1.500	1.667	1.667	1.500	1.000	.667	1.000	1.000	1.000	.667	1.000	1.000	.556	1.000	1.000	1.000	1.000	1.000	.833	1.000	1.000	999.000	1.000	1.000	1.000	1.000	1.000	1.000
217.000	.597	.963	.347	.462	.462	.347	.462	.462	.347	.231	.462	.000	.231	.462	.347	999.000	.462	.347	.000	.000	.000	.231	.231	.000	3.333	3.333	2.500	3.000	3.000	2.500	2.333	2.333	1.500	2.000	2.000	1.500	2.333	3.000	2.000	2.333	2.667	2.500	999.000	999.000	999.000	1.667	1.667	1.500	.750	.833	.833	.875	1.000	.833	.875	1.000	1.000	.875	1.000	1.000	1.000	1.000	1.000	.750	.833	.667	1.000	1.000	1.000	1.000	1.000	1.000
150.000	.963	.828	.896	.828	.597	.549	.462	.231	.000	.462	.000	.000	.231	.000	.000	.231	.231	.000	.000	.000	.000	.000	.000	.000	3.000	3.667	2.000	2.333	2.667	1.500	999.000	2.667	1.500	3.667	3.667	2.000	4.000	2.667	2.500	999.000	3.000	3.000	4.000	3.000	2.000	2.667	2.333	2.000	1.000	1.000	.833	1.000	1.000	.833	1.000	999.000	999.000	1.000	1.000	999.000	1.000	1.000	1.000	1.000	1.000	1.000	1.000	1.000	1.000	1.000	1.000	1.000
1.000	.462	.462	.347	1.195	1.099	1.354	.000	.231	.347	.231	.462	.347	.000	.000	.000	.924	1.195	999.000	.462	1.290	.347	.000	.366	.000	1.000	1.667	1.000	3.667	2.667	2.000	1.000	2.333	1.000	2.667	2.000	2.000	5.000	3.667	3.000	3.000	4.333	2.500	3.000	3.000	3.000	3.000	1.667	1.500	1.000	1.000	1.000	1.000	1.000	1.000	.875	1.000	1.000	1.000	1.000	1.000	.875	1.000	1.000	1.000	999.000	.833	1.000	1.000	1.000	1.000	1.000	1.000
34.000	.732	.693	.549	.693	.597	.549	999.000	1.059	999.000	.462	.462	.347	.366	.231	.000	.000	.231	.347	.000	.000	.000	.231	.231	.000	4.000	3.333	3.000	4.000	4.000	3.000	3.333	3.333	3.000	3.667	3.000	2.500	4.333	999.000	3.500	999.000	3.333	2.500	2.000	2.000	1.500	2.333	2.667	2.000	.833	.667	1.000	.813	1.000	1.000	.833	1.000	999.000	.875	1.000	1.000	999.000	1.000	1.000	.833	1.000	1.000	.875	1.000	1.000	.875	1.000	1.000
39.000	.231	.366	.347	.597	.924	.896	.462	.000	.000	.000	.231	.000	.000	.000	.000	.366	.462	.000	999.000	999.000	999.000	.000	.366	.000	2.667	2.000	2.000	3.000	3.000	2.000	3.000	2.667	2.000	3.000	2.667	1.500	2.667	2.333	2.000	3.000	2.667	2.500	1.667	999.000	1.500	2.667	999.000	2.000	1.000	1.000	1.000	1.000	.833	1.000	1.000	1.000	1.000	1.000	1.000	1.000	1.000	1.000	1.000	1.000	1.000	1.000	1.000	1.000	1.000	1.000	1.000	1.000
44.000	.231	.597	.000	.462	.597	.347	.231	.597	.347	.366	999.000	.347	.462	.462	.347	.231	.597	.347	999.000	.462	.000	.000	.597	.000	2.333	2.000	2.000	1.667	2.000	2.000	2.333	2.333	1.500	2.000	999.000	1.500	1.667	1.667	2.000	2.000	1.667	2.000	1.667	1.667	1.500	1.667	1.667	1.500	.833	.833	.778	.708	.778	.667	1.000	.833	.833	1.000	.833	1.000	1.000	1.000	1.000	1.000	1.000	1.000	1.000	1.000	1.000	1.000	1.000	1.000
139.000	.231	.693	.347	.732	.597	.347	.231	.462	.000	.462	.462	.347	.462	.462	.000	.462	.462	.347	.597	.597	.549	.462	.462	.347	3.000	2.667	1.500	2.000	2.333	1.500	2.333	2.000	1.500	2.000	1.667	1.500	1.667	2.000	1.500	1.667	2.333	1.500	2.000	2.000	2.000	2.000	1.667	1.500	1.000	.556	.833	1.000	.667	1.000	1.000	.667	.833	1.000	.833	1.000	1.000	1.000	1.000	999.000	999.000	999.000	1.000	1.000	1.000	1.000	999.000	1.000
196.000	.597	.366	.549	.597	.693	.347	.462	.366	.347	.597	.231	.347	.462	.231	.347	.000	.231	.000	.462	.231	.347	.000	.000	.000	1.667	2.333	1.500	3.000	2.333	2.500	999.000	2.333	2.500	5.000	3.667	3.000	2.333	2.000	1.500	4.000	3.000	999.000	3.000	2.333	2.000	4.000	3.000	2.500	.708	1.000	.833	1.000	1.000	.833	.875	1.000	1.000	1.000	1.000	1.000	1.000	1.000	1.000	1.000	1.000	1.000	1.000	1.000	1.000	1.000	1.000	1.000
226.000	.000	.462	.347	.000	.231	.347	.231	.693	.347	.000	.231	.347	.462	.536	.693	.000	.231	.000	.000	.000	.000	.000	.231	.000	2.000	2.000	1.000	2.333	999.000	2.000	4.000	3.333	999.000	2.667	2.333	1.000	4.667	3.333	2.500	2.667	2.333	1.500	2.000	2.667	1.500	3.000	3.333	1.500	.875	1.000	1.000	.708	1.000	1.000	999.000	1.000	1.000	1.000	999.000	1.000	.875	.667	.833	1.000	1.000	1.000	999.000	999.000	1.000	.875	999.000	999.000
191.000	.597	.231	.000	.462	.732	.896	.462	.462	.347	999.000	.462	.000	.231	.231	.693	.366	.231	.000	.366	.462	.347	.231	.462	.347	3.333	4.000	2.500	999.000	999.000	999.000	2.667	2.667	2.500	3.000	2.333	2.000	3.667	2.333	2.000	3.000	2.333	2.500	3.333	2.667	2.500	999.000	2.333	2.500	.833	1.000	1.000	999.000	1.000	1.000	1.000	1.000	1.000	1.000	1.000	999.000	999.000	1.000	1.000	1.000	1.000	1.000	1.000	1.000	999.000	1.000	1.000	1.000
225.000	.693	.231	.347	.828	.828	.000	.828	.693	.896	.732	.693	.347	.000	.693	.000	.231	.231	.000	.000	.000	.000	.462	.462	.000	3.667	4.000	3.000	3.333	3.667	3.000	3.333	3.667	2.500	4.000	4.000	3.000	2.667	2.333	1.000	2.333	2.667	1.000	2.000	2.000	1.000	2.000	3.000	1.500	1.000	1.000	.583	.875	.444	.750	1.000	1.000	.833	1.000	1.000	.833	1.000	1.000	1.000	1.000	1.000	1.000	1.000	1.000	1.000	1.000	1.000	1.000
74.000	.462	.597	.693	.693	.462	.693	.462	.597	.347	.828	.597	.347	.462	.597	.693	.597	.597	.549	.231	.231	.347	.462	.231	.347	2.333	2.000	1.500	3.000	2.667	2.500	2.333	2.000	1.500	2.667	1.667	1.500	3.333	3.000	3.500	3.667	2.667	2.000	2.333	2.667	2.000	3.000	2.333	1.500	1.000	1.000	1.000	.875	1.000	1.000	1.000	1.000	1.000	1.000	1.000	1.000	.750	.500	999.000	1.000	1.000	1.000	.875	1.000	1.000	999.000	999.000	999.000
193.000	.462	.231	.000	.462	.231	.347	.231	.000	.000	.231	.231	.000	.231	.462	.000	.231	.231	.000	999.000	.000	.000	.000	.000	999.000	2.667	2.667	2.000	4.000	3.000	2.500	4.000	3.333	2.500	4.000	3.000	2.500	2.333	3.000	2.000	999.000	2.667	1.500	999.000	2.667	2.000	3.333	3.000	999.000	1.000	1.000	1.000	1.000	1.000	1.000	1.000	999.000	1.000	999.000	1.000	1.000	1.000	999.000	1.000	1.000	1.000	1.000	999.000	1.000	1.000	999.000	999.000	.833
4.000	.597	.597	.347	.597	.924	.896	.597	.597	.347	.231	.231	.000	1.195	1.059	.896	.231	.231	.000	999.000	999.000	999.000	.231	.231	.000	2.333	2.333	2.000	2.000	2.000	2.000	2.333	2.333	1.500	2.000	1.667	1.500	3.667	3.333	3.000	2.000	2.667	1.500	999.000	999.000	999.000	2.000	1.667	1.500	.708	.833	.833	.750	.667	.667	1.000	.833	1.000	1.000	1.000	1.000	.500	.444	.833	1.000	1.000	1.000	999.000	999.000	999.000	1.000	1.000	1.000
43.000	.597	.732	.549	.231	.462	.347	.231	.462	.000	999.000	999.000	999.000	.231	.462	.347	.231	.462	.347	.231	.231	.347	.000	.000	.000	3.000	3.333	2.000	2.333	2.333	2.000	2.333	2.333	1.500	999.000	999.000	999.000	2.000	3.000	1.500	2.333	2.000	1.500	1.333	2.667	1.500	2.000	3.000	1.500	.813	1.000	.583	.875	1.000	.833	.875	1.000	.833	999.000	999.000	999.000	.750	1.000	1.000	.750	1.000	.833	1.000	1.000	1.000	1.000	1.000	1.000
46.000	.231	.597	.347	.366	.597	.549	.231	.462	.347	.366	.597	.549	999.000	999.000	999.000	.000	.231	.347	.231	.000	.347	.366	.597	.549	1.667	2.333	1.000	2.000	2.000	1.500	1.000	1.667	1.000	2.000	1.667	1.500	999.000	999.000	999.000	1.667	1.333	1.000	1.000	1.667	1.500	1.333	1.667	1.000	.708	.778	.833	.875	1.000	.833	.625	1.000	1.000	.750	1.000	.833	999.000	999.000	999.000	.875	1.000	1.000	1.000	1.000	.833	.875	1.000	1.000
57.000	.462	.828	.693	.693	.828	.549	.231	.597	.000	.231	.462	.347	999.000	999.000	999.000	.231	.828	.549	.366	.462	.000	.231	.462	.000	3.667	3.000	2.000	3.667	3.000	2.500	3.333	2.667	2.500	3.333	3.000	3.000	999.000	999.000	999.000	3.667	2.667	2.500	3.667	3.667	2.500	3.333	3.000	2.000	.833	1.000	.667	1.000	1.000	1.000	1.000	1.000	1.000	1.000	1.000	1.000	999.000	999.000	999.000	1.000	1.000	1.000	1.000	1.000	1.000	1.000	1.000	1.000
62.000	.462	.462	.347	.000	.000	.347	.000	.231	.000	.000	.231	.000	.000	.000	.000	.000	.000	.000	999.000	999.000	999.000	.000	.000	.000	3.333	2.333	1.500	3.000	2.667	2.500	2.667	2.333	2.000	2.333	2.000	1.500	3.000	2.667	1.500	3.333	2.333	2.000	999.000	999.000	999.000	3.333	2.667	2.000	1.000	1.000	1.000	1.000	1.000	1.000	1.000	1.000	1.000	1.000	1.000	1.000	1.000	1.000	1.000	1.000	1.000	1.000	999.000	999.000	999.000	1.000	1.000	1.000
70.000	.693	.597	.347	.462	.732	.347	.597	.768	.549	.693	.597	.347	999.000	999.000	999.000	1.195	1.059	.896	.462	.597	.549	.693	.924	.896	2.000	2.667	2.000	2.333	3.000	1.500	2.333	2.667	2.000	2.000	2.333	1.500	999.000	999.000	999.000	2.000	2.667	2.500	2.000	2.000	1.500	1.333	2.333	2.000	.875	1.000	.833	1.000	1.000	.833	1.000	1.000	1.000	1.000	1.000	1.000	999.000	999.000	999.000	1.000	1.000	1.000	.875	1.000	.833	.875	.833	1.000
87.000	.462	.963	.896	999.000	999.000	999.000	.828	.693	.693	.000	.231	.000	.231	.693	.693	.462	.597	.693	.462	.231	.347	.231	.693	.347	1.667	2.000	1.500	999.000	999.000	999.000	2.333	2.667	2.500	1.667	1.333	1.500	1.667	1.667	1.500	2.667	2.333	2.000	1.333	2.000	1.500	1.667	2.000	1.500	1.000	1.000	1.000	999.000	999.000	999.000	1.000	1.000	1.000	1.000	1.000	1.000	1.000	1.000	1.000	1.000	1.000	1.000	1.000	1.000	1.000	1.000	1.000	1.000
91.000	1.535	1.439	1.609	1.365	1.230	1.498	1.365	1.439	1.498	1.461	1.439	1.498	1.365	1.439	1.498	1.461	1.365	1.498	999.000	999.000	999.000	1.269	1.269	1.354	5.000	3.667	4.000	4.667	3.667	3.000	4.000	4.000	4.000	4.333	4.333	4.000	4.333	4.000	5.000	4.333	4.000	4.000	999.000	999.000	999.000	4.000	3.667	4.000	.475	.667	.528	.613	.528	.556	.475	.528	.483	.475	.333	.483	.475	.333	.528	.475	.528	.567	999.000	999.000	999.000	.488	.500	.583
97.000	.231	.597	.549	.000	.597	.000	1.059	.828	.693	.462	.924	.693	.000	.231	.347	.231	.462	.693	999.000	999.000	999.000	.000	.597	.347	2.000	3.000	2.000	2.333	2.333	1.000	3.333	2.667	2.000	2.667	1.667	1.500	2.000	1.667	1.500	3.000	2.667	2.000	999.000	999.000	999.000	2.333	3.000	2.000	.583	.833	.833	.875	.833	1.000	.875	1.000	1.000	1.000	1.000	1.000	1.000	1.000	1.000	1.000	1.000	1.000	999.000	999.000	999.000	1.000	1.000	1.000
101.000	.828	.732	.549	.828	.963	.896	.693	.462	.693	.693	.597	.347	.693	.462	.347	.462	.462	.693	.462	.231	.347	999.000	999.000	999.000	2.667	2.667	2.000	3.667	3.000	2.000	3.333	2.333	1.500	3.000	3.000	2.500	2.667	3.000	1.500	2.667	2.667	1.500	2.333	1.667	1.500	999.000	999.000	999.000	.542	.500	.667	1.000	1.000	.667	.875	1.000	1.000	.875	.667	1.000	1.000	.667	.667	1.000	1.000	1.000	1.000	.833	1.000	999.000	999.000	999.000
109.000	.000	.597	.347	.231	.000	.347	999.000	999.000	999.000	.924	1.059	.896	1.155	1.155	1.099	.231	.462	.347	1.609	1.439	1.498	.462	.462	.347	2.667	1.333	1.500	2.333	2.000	3.000	999.000	999.000	999.000	1.333	2.333	2.000	2.333	2.667	2.500	1.333	1.333	1.000	3.667	3.667	5.000	1.667	1.667	1.500	.488	.667	.778	.667	1.000	.833	999.000	999.000	999.000	.521	.667	.611	.708	1.000	1.000	.875	1.000	1.000	.750	.389	.567	.875	1.000	1.000
145.000	.462	.462	.347	.231	.597	.347	999.000	999.000	999.000	.693	.462	.347	.000	.231	.347	.231	.462	.347	.924	.597	.693	.597	.462	.347	2.667	2.333	1.500	2.000	2.333	1.500	999.000	999.000	999.000	3.333	3.000	2.500	3.000	3.000	3.000	2.333	2.000	2.000	3.333	2.667	3.000	3.000	2.667	2.500	.875	1.000	1.000	1.000	1.000	.667	999.000	999.000	999.000	1.000	1.000	1.000	.875	.833	.778	1.000	1.000	1.000	.625	.389	.444	1.000	1.000	1.000
146.000	.231	.231	.347	.231	.732	.347	.693	.828	.000	999.000	999.000	999.000	.597	.366	.347	.924	.462	.000	.231	.231	.347	.693	.828	.000	2.667	2.000	1.500	2.667	1.667	1.500	3.333	2.667	2.000	999.000	999.000	999.000	4.000	2.667	2.500	3.000	2.667	3.000	2.667	1.667	1.500	3.667	2.667	3.000	.833	1.000	.611	.875	1.000	.667	.750	.833	.667	999.000	999.000	999.000	.875	1.000	.833	1.000	1.000	1.000	1.000	1.000	1.000	1.000	1.000	1.000
147.000	.828	.597	.347	1.134	.597	.549	.963	.462	.549	.693	.462	.693	.963	.963	1.099	1.059	1.195	.896	.924	999.000	.896	1.195	.963	1.099	3.000	3.667	3.500	3.000	3.667	3.000	3.000	2.667	3.000	3.667	3.333	4.000	3.000	2.667	3.500	3.333	2.667	3.000	3.333	3.000	3.500	3.000	3.000	3.000	.475	.833	.778	.488	1.000	.500	.488	.667	.611	.258	.583	.361	.375	.444	.333	.396	.306	.361	.458	.500	.667	.375	.361	.278
156.000	.732	.732	.896	.963	1.059	.896	.828	.462	.693	.462	.828	1.040	.231	.000	.693	.693	.462	.549	.366	.366	.347	999.000	999.000	999.000	2.333	2.000	2.000	2.333	2.000	2.500	2.667	2.667	2.500	2.667	2.000	2.500	2.000	2.000	1.500	3.000	2.333	2.500	2.667	2.333	2.000	999.000	999.000	999.000	.875	1.000	.833	.875	1.000	1.000	1.000	1.000	1.000	1.000	1.000	1.000	1.000	1.000	1.000	1.000	1.000	1.000	1.000	1.000	1.000	999.000	999.000	999.000
170.000	1.155	1.059	1.242	.597	.828	.896	.462	.597	.347	.828	.963	.896	.462	.462	.896	.732	1.059	1.040	999.000	999.000	999.000	.462	.693	.347	3.333	2.667	2.500	3.000	2.000	2.500	3.333	3.000	2.000	2.333	2.667	1.500	3.000	3.000	2.000	3.667	4.333	2.500	999.000	999.000	999.000	2.667	3.000	2.500	.875	1.000	1.000	.813	1.000	.833	.875	.833	1.000	.875	1.000	1.000	1.000	1.000	1.000	1.000	1.000	1.000	999.000	999.000	999.000	1.000	1.000	1.000
176.000	.597	.597	.896	.732	.828	.549	.231	.462	.347	.231	.462	.347	.597	.366	.549	.768	1.134	1.151	999.000	999.000	999.000	.828	1.059	.896	2.000	2.000	1.500	1.667	2.000	1.500	1.667	1.333	1.000	1.667	1.333	1.000	1.667	1.333	1.500	2.000	2.333	1.500	999.000	999.000	999.000	1.667	1.667	1.000	.583	1.000	.833	.625	.667	.778	.563	1.000	.778	.625	1.000	.833	.750	1.000	.833	.625	.833	.833	999.000	999.000	999.000	.625	.611	.833
182.000	.000	.231	.000	.231	.000	.347	999.000	999.000	999.000	1.195	.000	.000	.536	.462	.549	1.059	.000	.347	1.155	.462	.549	.828	.597	.549	1.667	2.333	2.000	2.000	2.333	1.500	999.000	999.000	999.000	3.667	1.333	3.000	3.333	2.667	1.500	3.000	3.667	4.000	4.000	3.667	4.000	3.000	3.000	2.500	1.000	1.000	1.000	1.000	1.000	.833	999.000	999.000	999.000	.583	.444	.556	.667	.750	.483	1.000	.667	.333	.708	.389	.528	.875	.361	.306
189.000	.231	.597	.347	.828	.597	.896	.732	.597	.347	.693	.693	.693	.231	.231	.347	.231	.462	.347	.000	.366	.000	.231	.462	.000	3.000	3.000	1.500	3.333	3.000	1.500	3.333	3.333	2.000	3.333	2.333	1.500	3.333	2.333	1.500	2.333	2.000	1.500	2.667	2.333	2.000	2.667	2.667	1.500	.813	.833	.444	1.000	.500	.667	.583	1.000	.833	.875	.833	.833	.583	1.000	.778	.521	.833	.611	1.000	1.000	1.000	.875	.833	1.000
198.000	.366	.231	.347	.000	.000	.000	.000	.000	.000	.000	.000	.000	999.000	999.000	999.000	.000	.000	.000	.000	.000	.000	.000	.000	.000	1.667	2.000	1.500	2.333	2.333	1.500	2.333	1.667	1.000	1.667	1.333	1.500	999.000	999.000	999.000	1.667	1.667	1.500	2.000	1.667	1.500	1.667	1.000	1.000	.875	.833	.833	1.000	1.000	1.000	1.000	1.000	1.000	1.000	1.000	1.000	999.000	999.000	999.000	1.000	1.000	1.000	1.000	1.000	1.000	1.000	1.000	1.000
216.000	1.290	1.386	1.386	1.290	1.155	1.099	.828	.963	.896	1.439	1.461	1.386	.462	.963	.693	.963	1.099	1.099	999.000	999.000	999.000	.231	.462	.693	4.000	3.667	3.000	4.667	4.333	2.500	4.667	4.000	3.000	4.000	5.000	3.500	3.000	3.000	2.000	5.000	4.000	3.500	999.000	999.000	999.000	2.000	2.333	1.500	1.000	1.000	1.000	1.000	1.000	1.000	1.000	1.000	1.000	1.000	1.000	1.000	1.000	1.000	1.000	1.000	1.000	1.000	999.000	999.000	999.000	1.000	1.000	1.000
301.000	999.000	999.000	999.000	.462	.231	.347	.597	.462	.347	.828	.597	.347	.597	.462	.347	.828	.732	.347	.693	.597	.347	.963	.597	.347	999.000	999.000	999.000	3.000	2.333	1.500	2.667	2.667	1.500	3.333	2.667	2.500	3.000	3.000	1.500	2.667	2.667	1.500	2.667	3.000	2.000	2.667	2.333	2.000	999.000	999.000	999.000	1.000	.778	1.000	1.000	1.000	1.000	1.000	1.000	1.000	1.000	1.000	1.000	1.000	1.000	1.000	1.000	1.000	1.000	1.000	1.000	1.000
48.000	.000	.462	.000	.231	.231	.000	.000	.000	.000	.000	.000	.000	.000	.000	.000	.000	.000	.000	999.000	999.000	999.000	.000	.000	.000	2.667	2.000	1.500	2.333	2.333	2.000	2.333	1.667	1.500	2.000	2.000	1.500	2.333	2.000	1.500	3.333	2.000	2.000	999.000	999.000	999.000	2.333	2.000	1.500	1.000	1.000	1.000	1.000	1.000	1.000	1.000	1.000	1.000	1.000	1.000	1.000	999.000	1.000	1.000	1.000	1.000	1.000	999.000	999.000	999.000	1.000	1.000	1.000
93.000	1.059	.768	1.242	.828	.597	.896	.963	.462	.693	1.290	.732	1.040	1.195	1.059	.347	1.269	1.195	1.242	999.000	999.000	999.000	1.059	.924	1.242	3.000	3.667	2.500	3.000	4.000	2.000	3.000	2.667	3.500	4.000	3.000	4.000	2.667	4.333	2.500	2.667	2.667	3.500	999.000	999.000	999.000	2.333	3.000	3.000	.275	.667	.556	.646	.500	.833	.563	.317	.511	.542	.611	.444	.313	.333	.389	.333	.611	.417	999.000	999.000	999.000	999.000	.361	.444
187.000	.597	.462	.347	.231	.462	.347	.597	.366	.549	.462	.597	.549	.597	.366	.549	.732	.597	.549	999.000	999.000	999.000	.597	.462	.347	3.000	3.000	2.500	3.000	3.000	3.000	3.333	3.000	2.500	2.667	3.000	2.500	3.000	2.333	2.500	3.333	3.000	3.500	999.000	999.000	999.000	3.000	3.333	3.000	.833	1.000	.833	1.000	1.000	.833	.750	1.000	1.000	.875	1.000	.833	.875	1.000	.833	1.000	1.000	1.000	999.000	999.000	999.000	.750	999.000	1.000
190.000	.828	.462	.549	.828	.693	.896	.462	.462	.347	.462	.462	.000	.828	.597	.693	.693	.693	.693	999.000	999.000	999.000	.462	.462	.693	2.667	2.000	1.500	3.000	2.667	1.500	2.667	2.667	2.000	2.000	2.000	1.500	2.000	2.333	2.000	2.667	2.000	1.500	999.000	999.000	999.000	2.333	2.000	1.500	.875	1.000	.667	1.000	1.000	.833	.875	1.000	.833	1.000	1.000	.833	1.000	1.000	.667	.875	.833	999.000	999.000	999.000	999.000	1.000	1.000	1.000
228.000	.000	.693	.693	.693	.597	.896	999.000	999.000	999.000	1.155	.924	1.242	.000	.732	1.099	.462	.597	.693	.000	.000	.000	.000	.000	.000	2.667	2.333	1.500	3.000	2.667	2.000	999.000	999.000	999.000	3.000	3.333	2.500	2.667	3.000	1.000	3.333	3.667	3.000	1.667	1.667	1.500	1.667	1.667	1.000	.813	1.000	1.000	.833	1.000	1.000	999.000	999.000	999.000	.833	999.000	.778	.833	1.000	1.000	.833	1.000	1.000	.813	1.000	1.000	.750	1.000	1.000
27.000	.462	.462	.347	.231	.366	.347	.231	.231	.000	.000	.000	.000	999.000	999.000	999.000	.000	.000	.000	.597	.462	.000	.231	999.000	.000	1.667	1.667	1.500	3.000	2.667	2.000	2.667	2.000	2.000	3.000	2.333	2.000	999.000	999.000	999.000	3.000	2.333	2.000	3.000	2.333	2.500	3.667	2.667	2.000	1.000	.833	1.000	1.000	1.000	1.000	1.000	1.000	1.000	1.000	1.000	1.000	999.000	999.000	999.000	1.000	1.000	1.000	1.000	.833	1.000	1.000	1.000	999.000
96.000	.231	.693	.347	.597	.693	.347	.462	.924	.347	.000	.462	.000	999.000	999.000	999.000	.231	.597	.347	.000	.597	.000	.000	.366	.000	2.667	2.333	2.000	2.667	2.667	2.000	2.333	2.667	2.000	2.667	2.667	2.000	999.000	999.000	999.000	2.333	2.667	999.000	3.000	2.667	2.000	4.000	2.333	2.000	.875	1.000	.833	.833	1.000	1.000	.833	1.000	1.000	1.000	1.000	1.000	999.000	999.000	999.000	.813	1.000	.833	1.000	1.000	1.000	1.000	1.000	1.000
115.000	.462	.462	.347	.231	.231	.347	.693	.462	.347	.000	.462	.000	.462	.231	.347	.000	.231	.347	.000	.000	999.000	999.000	999.000	999.000	1.667	1.333	1.500	2.667	2.667	2.500	2.000	1.667	1.500	2.000	3.000	2.500	999.000	2.000	1.500	2.000	1.667	1.500	3.000	1.667	1.500	999.000	999.000	999.000	.875	1.000	1.000	.875	1.000	.667	1.000	1.000	1.000	1.000	1.000	1.000	1.000	1.000	.833	1.000	1.000	1.000	1.000	.833	1.000	999.000	999.000	999.000
132.000	.693	.693	.549	1.059	.828	.549	.597	.462	.549	.462	.462	.347	999.000	.732	.549	.828	.597	.347	999.000	999.000	999.000	1.290	.828	.693	3.333	3.333	2.000	3.000	4.000	2.000	2.333	3.000	1.500	2.000	2.000	2.000	2.667	3.000	2.500	2.667	2.667	2.000	999.000	999.000	999.000	3.333	3.000	2.500	.508	.833	.483	.563	.667	.667	.563	.667	.833	.521	1.000	.833	.688	.556	.833	.542	.778	.833	999.000	999.000	999.000	.583	.833	.833
197.000	.828	.963	.693	.732	.963	.693	.693	.999	.000	.000	.462	.000	.000	.000	.000	1.386	1.230	1.099	1.609	1.304	999.000	999.000	999.000	999.000	1.333	2.000	2.500	1.333	1.667	2.000	2.000	1.333	1.000	2.000	1.667	1.500	1.000	2.667	1.000	2.000	2.667	3.000	4.333	3.667	4.000	999.000	999.000	999.000	.750	1.000	.778	.583	.833	.389	.875	1.000	1.000	1.000	1.000	1.000	1.000	1.000	1.000	.396	.361	.333	.508	1.000	.667	999.000	999.000	999.000
205.000	.828	.597	.549	.828	.693	.693	.828	.693	.693	.693	999.000	.693	.000	.231	.347	.231	.462	.347	.231	.462	.347	999.000	999.000	999.000	3.333	2.333	1.500	4.000	2.667	2.500	3.333	3.667	2.500	999.000	3.333	3.000	3.333	2.000	2.500	2.667	2.333	2.000	3.000	3.667	2.000	999.000	999.000	999.000	.875	1.000	1.000	1.000	1.000	1.000	1.000	1.000	1.000	.750	.611	.833	1.000	1.000	1.000	1.000	1.000	1.000	1.000	1.000	1.000	999.000	999.000	999.000
148.000	.693	.693	.347	.366	.462	.549	.000	.231	.000	.000	.000	.000	.000	.000	.000	.000	.000	.000	.000	.000	.000	999.000	999.000	999.000	3.000	2.333	2.000	3.333	2.333	2.500	2.667	2.333	2.000	3.333	2.333	2.500	2.667	2.333	2.000	2.667	2.333	3.000	2.667	2.333	2.000	999.000	999.000	999.000	1.000	1.000	1.000	1.000	1.000	1.000	1.000	1.000	1.000	1.000	1.000	1.000	1.000	1.000	1.000	1.000	999.000	999.000	1.000	1.000	1.000	999.000	999.000	999.000
174.000	.000	.366	.347	.231	.231	.347	.000	.000	.000	.000	.231	.347	1.461	.828	.896	.000	.000	.000	999.000	999.000	999.000	.231	.366	.347	3.667	2.667	3.000	3.000	3.000	2.500	2.667	3.000	1.500	4.000	3.000	2.000	1.333	2.333	2.000	2.667	2.667	2.000	999.000	999.000	999.000	3.000	3.000	2.500	.708	.833	.667	999.000	1.000	.833	.667	.833	.833	.625	1.000	.556	.708	.833	.556	.875	1.000	.833	999.000	999.000	999.000	.750	1.000	999.000
13.000	.000	.231	.000	999.000	999.000	999.000	.231	.231	.000	.000	.000	.000	.000	.000	.000	.000	.000	.000	.000	.000	.000	.000	.000	.000	1.000	1.000	1.000	999.000	999.000	999.000	1.000	1.000	1.000	1.000	1.000	1.000	1.000	1.000	1.000	1.000	1.000	1.000	1.000	1.000	1.000	1.000	1.000	1.000	.488	.833	1.000	999.000	999.000	999.000	1.000	1.000	1.000	1.000	1.000	1.000	1.000	1.000	1.000	1.000	1.000	1.000	1.000	1.000	1.000	1.000	1.000	1.000
32.000	.828	.597	.549	.000	.231	.347	999.000	999.000	999.000	.231	.231	.000	.000	.231	.000	.000	.000	.000	.000	.000	.000	.000	.231	.000	2.667	3.000	4.000	3.333	2.667	2.500	999.000	999.000	999.000	4.333	3.333	2.500	3.333	2.333	2.000	2.333	2.333	2.000	2.333	2.667	2.000	2.667	2.333	2.500	1.000	1.000	1.000	1.000	1.000	1.000	999.000	999.000	999.000	1.000	1.000	1.000	1.000	1.000	1.000	1.000	1.000	1.000	1.000	1.000	1.000	1.000	1.000	1.000
64.000	.462	.732	.896	999.000	999.000	999.000	.597	.231	.347	.366	.597	.693	.366	.462	.347	.462	.462	.000	.462	.366	.347	.231	.231	.347	4.000	3.000	2.500	999.000	999.000	999.000	3.333	2.667	2.500	3.000	3.000	2.500	3.000	2.333	2.000	4.333	3.333	2.500	4.000	3.333	2.500	3.667	3.000	2.500	.708	.417	.833	999.000	999.000	999.000	.750	1.000	1.000	1.000	1.000	1.000	.875	.667	1.000	.875	1.000	1.000	1.000	1.000	1.000	1.000	1.000	1.000
126.000	.231	.462	.000	999.000	999.000	999.000	.000	.462	.000	.231	.462	.000	.231	.231	.000	.231	.462	.347	.000	.000	.000	.000	.462	.347	1.000	1.333	1.500	999.000	999.000	999.000	1.000	1.333	1.000	1.667	1.333	1.500	1.333	1.667	1.000	1.333	999.000	1.000	1.000	1.667	1.000	999.000	1.000	1.500	.875	1.000	.833	999.000	999.000	999.000	1.000	1.000	1.000	1.000	1.000	.833	.875	1.000	.667	.875	1.000	1.000	1.000	1.000	1.000	1.000	1.000	1.000
154.000	1.290	1.290	.896	.462	.231	.347	.231	.231	.347	.462	.462	.347	.231	.231	.347	.693	.693	.693	999.000	.693	.347	999.000	999.000	999.000	3.667	4.000	3.000	999.000	2.333	2.000	3.000	3.000	2.000	2.333	2.000	2.000	2.333	1.667	1.500	2.000	2.000	2.000	2.000	2.000	2.000	999.000	999.000	999.000	.875	1.000	.833	1.000	1.000	.778	1.000	1.000	1.000	1.000	1.000	1.000	1.000	1.000	1.000	1.000	1.000	1.000	999.000	1.000	1.000	999.000	999.000	999.000
201.000	.231	.597	.347	.693	.768	1.242	.462	.732	.693	.732	.366	.347	.231	.366	.000	.366	.366	.347	999.000	999.000	999.000	.366	.366	.347	1.333	2.000	2.000	2.333	3.667	2.000	1.667	1.667	1.500	2.000	1.667	2.000	1.667	1.333	1.000	1.333	2.000	1.500	999.000	999.000	999.000	2.000	2.333	1.500	.708	1.000	.833	1.000	1.000	1.000	1.000	1.000	.833	1.000	1.000	1.000	1.000	1.000	1.000	1.000	1.000	1.000	999.000	999.000	999.000	1.000	1.000	.833
229.000	.828	.462	.347	.597	.828	.693	.693	.462	.896	.231	.231	.347	.231	.462	.000	.000	.597	.693	999.000	999.000	999.000	.828	.597	.896	3.000	2.667	2.500	999.000	3.000	3.000	2.333	999.000	2.000	2.000	1.667	1.500	2.333	2.333	1.500	2.000	1.667	1.500	999.000	999.000	999.000	2.333	1.667	1.500	.875	1.000	.833	.875	1.000	.833	999.000	999.000	.611	1.000	1.000	.833	1.000	1.000	1.000	1.000	1.000	1.000	999.000	999.000	999.000	1.000	1.000	.833
300.000	999.000	999.000	999.000	.000	.000	.000	.000	.462	.000	.000	.462	.000	.000	.231	.000	.000	.231	.000	.231	.000	.000	.000	.231	999.000	999.000	999.000	999.000	2.667	2.333	2.000	2.000	1.667	1.500	2.000	2.667	1.500	2.000	1.667	1.500	2.000	1.667	2.000	1.000	1.000	3.000	2.000	1.667	1.500	999.000	999.000	999.000	1.000	1.000	1.000	1.000	1.000	1.000	1.000	1.000	1.000	.875	1.000	1.000	.875	999.000	1.000	1.000	1.000	1.000	1.000	1.000	1.000
63.000	.366	.462	.000	999.000	999.000	999.000	.597	1.099	.896	.000	.000	.000	.000	.000	.000	.462	.828	.896	999.000	999.000	999.000	.000	.000	.000	2.667	2.333	2.000	999.000	999.000	999.000	3.333	2.333	2.000	3.000	2.667	2.000	4.000	2.667	2.500	4.333	4.333	3.000	999.000	999.000	999.000	3.000	3.333	2.000	1.000	1.000	1.000	999.000	999.000	999.000	1.000	1.000	1.000	1.000	1.000	1.000	1.000	1.000	1.000	1.000	1.000	1.000	999.000	999.000	999.000	1.000	1.000	1.000
107.000	.231	.231	.347	.000	.231	.347	.000	.231	.000	.000	.231	.000	.000	.000	.000	.000	.231	.000	999.000	999.000	999.000	999.000	999.000	999.000	2.333	1.667	1.500	1.667	1.000	1.500	1.667	1.333	1.500	2.333	1.333	1.500	2.000	1.667	1.500	2.667	2.000	1.500	999.000	999.000	999.000	999.000	999.000	999.000	.750	1.000	1.000	.875	1.000	1.000	.875	.833	1.000	.875	1.000	1.000	.875	1.000	1.000	.833	1.000	1.000	999.000	999.000	999.000	999.000	999.000	999.000
160.000	.828	.828	1.040	.828	.597	.347	.462	1.099	.347	.366	.693	1.099	.693	1.059	1.040	.828	.693	1.099	999.000	999.000	999.000	999.000	999.000	999.000	1.333	3.333	2.000	1.667	3.333	1.500	2.667	3.333	2.500	2.667	3.333	2.500	3.333	3.333	2.000	2.667	3.000	2.000	999.000	999.000	999.000	999.000	999.000	999.000	.708	.333	.778	.688	.611	.833	.750	.444	.778	.667	.333	.611	.813	.333	.306	.625	.500	.611	999.000	999.000	999.000	999.000	999.000	999.000
183.000	.462	.924	1.099	999.000	999.000	999.000	.828	.597	.896	999.000	999.000	999.000	.828	1.134	.693	1.365	1.461	1.242	.999	.903	.000	1.134	1.365	.896	4.000	3.333	4.000	999.000	999.000	999.000	4.667	5.000	4.500	999.000	999.000	999.000	3.333	3.667	2.500	4.333	4.667	3.500	3.333	3.000	2.000	4.000	4.000	2.500	.875	.611	1.000	999.000	999.000	999.000	1.000	1.000	1.000	999.000	999.000	999.000	.875	1.000	.833	.833	1.000	.778	.667	.833	.833	.875	.833	1.000
89.000	.231	.828	.896	.000	.462	.693	.231	999.000	.347	.462	.000	.693	.597	.000	.347	.000	.231	.347	999.000	999.000	999.000	999.000	999.000	999.000	3.667	3.000	2.500	3.333	2.333	1.500	3.667	2.667	1.500	3.333	2.667	1.500	3.667	3.000	2.000	3.667	3.000	2.000	999.000	999.000	999.000	999.000	999.000	999.000	.667	.500	.667	.708	.500	1.000	.833	.833	1.000	.833	.667	1.000	.708	.833	1.000	.833	.778	999.000	999.000	999.000	999.000	999.000	999.000	999.000
123.000	1.155	.597	.805	1.059	.999	.693	999.000	999.000	999.000	.924	.693	.693	999.000	.924	.693	999.000	999.000	999.000	1.099	1.195	1.386	.963	1.134	1.354	4.000	4.333	4.000	3.000	2.667	2.500	999.000	999.000	999.000	3.333	3.000	3.000	4.000	3.000	999.000	999.000	999.000	999.000	4.000	3.333	3.500	3.667	3.333	3.000	1.000	1.000	1.000	1.000	1.000	1.000	999.000	999.000	999.000	1.000	1.000	1.000	1.000	1.000	1.000	999.000	999.000	999.000	1.000	1.000	1.000	1.000	.667	1.000
6.000	.231	.597	.347	999.000	999.000	999.000	.693	.693	.693	.462	.462	.347	.231	.231	.347	1.290	.924	.693	999.000	999.000	999.000	.231	.366	.347	4.000	3.333	2.500	999.000	999.000	999.000	2.667	2.333	1.500	3.000	2.333	2.000	3.000	2.667	1.500	999.000	3.667	4.000	999.000	999.000	999.000	3.000	2.333	2.000	1.000	1.000	1.000	999.000	999.000	999.000	.563	.500	.611	.875	1.000	1.000	1.000	1.000	1.000	.833	.833	1.000	999.000	999.000	999.000	1.000	1.000	1.000
28.000	.963	.231	.896	999.000	999.000	999.000	999.000	999.000	999.000	.462	.462	.693	999.000	.693	999.000	.000	.000	.000	.462	.231	.000	.462	.231	.693	3.000	2.333	1.500	999.000	999.000	999.000	999.000	999.000	999.000	3.667	3.333	3.000	3.333	2.333	2.000	4.000	2.667	2.500	3.333	3.333	1.500	3.333	3.667	2.500	1.000	1.000	.833	999.000	999.000	999.000	999.000	999.000	999.000	1.000	1.000	.750	1.000	1.000	999.000	1.000	1.000	.778	1.000	1.000	1.000	1.000	1.000	1.000
214.000	.597	.693	.000	1.290	1.386	.347	1.059	999.000	.347	.231	.597	.693	999.000	999.000	999.000	999.000	999.000	999.000	.462	.462	.000	.462	.828	.347	2.333	2.333	1.500	999.000	3.333	2.500	2.667	2.333	2.000	2.000	2.000	1.500	999.000	999.000	999.000	999.000	999.000	999.000	1.667	1.000	1.500	2.667	2.667	1.500	.708	1.000	.833	.875	1.000	.833	.875	1.000	1.000	.875	1.000	.778	999.000	999.000	999.000	999.000	999.000	999.000	.750	1.000	1.000	.875	1.000	.611
184.000	.828	.231	.896	.462	.693	.896	999.000	999.000	999.000	999.000	999.000	999.000	.828	.693	1.099	.693	.963	.896	.693	.828	.896	.828	.462	.693	3.333	3.000	2.500	3.667	4.000	3.500	999.000	999.000	999.000	999.000	999.000	999.000	4.333	4.000	3.500	3.667	3.000	3.000	3.667	4.000	3.000	4.000	4.000	3.500	.521	.667	.528	.875	1.000	.611	999.000	999.000	999.000	999.000	999.000	999.000	1.000	1.000	.833	999.000	999.000	999.000	.875	1.000	.667	.875	1.000	.833
40.000	.231	.732	.347	.462	.462	.347	.693	.462	.549	.732	.462	1.099	999.000	999.000	999.000	.462	.597	.693	999.000	999.000	999.000	.693	.231	.347	3.000	2.333	2.500	2.000	1.667	1.000	3.333	3.000	2.500	2.333	3.667	1.500	999.000	999.000	999.000	3.000	3.333	2.500	999.000	999.000	999.000	2.667	3.000	2.000	1.000	1.000	.833	1.000	1.000	1.000	1.000	1.000	.833	1.000	.833	.778	999.000	999.000	999.000	1.000	.833	.833	999.000	999.000	999.000	1.000	1.000	.833
180.000	.366	.366	.000	999.000	999.000	999.000	999.000	999.000	999.000	999.000	999.000	999.000	.366	.597	.549	.462	.366	.347	.000	.231	.347	.231	.366	.000	2.000	1.667	2.000	999.000	999.000	999.000	999.000	999.000	999.000	999.000	999.000	999.000	1.667	2.667	2.000	2.000	1.667	1.500	2.000	1.667	1.500	1.667	1.667	1.500	.688	1.000	1.000	999.000	999.000	999.000	999.000	999.000	999.000	999.000	999.000	999.000	.813	1.000	.833	.875	1.000	.667	.875	1.000	.833	.750	1.000	1.000
303.000	999.000	999.000	999.000	1.386	1.155	.896	1.059	.963	1.242	.963	.828	1.040	999.000	999.000	999.000	.963	.963	.896	999.000	999.000	999.000	1.059	.597	.693	999.000	999.000	999.000	4.000	3.333	4.000	3.000	3.333	4.000	3.333	3.000	2.500	999.000	999.000	999.000	3.000	3.333	3.000	999.000	999.000	999.000	2.333	2.667	2.000	999.000	999.000	999.000	.833	.389	.611	.521	.217	.511	.813	.333	.500	999.000	999.000	999.000	.667	.333	.306	999.000	999.000	999.000	.833	.778	.778
168.000	1.059	1.365	1.386	1.609	1.073	.805	1.609	1.609	1.609	1.461	1.461	1.498	999.000	999.000	999.000	999.000	999.000	999.000	.963	1.099	.896	999.000	999.000	999.000	2.667	3.667	3.000	5.000	4.333	4.500	5.000	4.333	4.000	3.333	4.000	3.000	999.000	999.000	999.000	999.000	999.000	999.000	3.000	2.667	3.000	999.000	999.000	999.000	1.000	.261	999.000	1.000	1.000	.511	1.000	.833	.778	1.000	.667	.833	999.000	999.000	999.000	999.000	999.000	999.000	.875	.778	.556	999.000	999.000	999.000
211.000	.597	.732	.549	.597	.693	.347	.462	.231	.347	999.000	999.000	999.000	.462	.462	.347	.963	.597	.693	999.000	999.000	999.000	999.000	999.000	999.000	3.333	2.667	2.500	3.333	3.000	1.500	3.000	2.000	2.000	999.000	999.000	999.000	4.000	2.333	3.000	3.333	999.000	3.000	999.000	999.000	999.000	999.000	999.000	999.000	.750	.667	1.000	1.000	1.000	1.000	1.000	1.000	1.000	999.000	999.000	999.000	1.000	1.000	1.000	1.000	1.000	1.000	999.000	999.000	999.000	999.000	999.000	999.000
302.000	999.000	999.000	999.000	.597	.597	.347	.693	.462	.347	.462	999.000	.347	999.000	999.000	999.000	.231	.462	.000	.231	.000	.000	999.000	999.000	999.000	999.000	999.000	999.000	2.000	2.000	1.500	2.000	1.667	1.500	1.000	1.333	1.000	999.000	999.000	999.000	1.667	1.667	1.500	2.000	1.667	1.500	999.000	999.000	999.000	999.000	999.000	999.000	1.000	.667	1.000	1.000	.667	.833	1.000	1.000	1.000	999.000	999.000	999.000	1.000	1.000	1.000	1.000	999.000	1.000	999.000	999.000	999.000
75.000	.828	.693	.693	.693	.924	.693	.828	.963	.896	1.535	.768	1.498	.828	999.000	1.099	999.000	999.000	999.000	999.000	999.000	999.000	999.000	999.000	999.000	3.000	3.000	2.000	2.667	3.000	3.000	3.667	3.333	3.000	5.000	4.667	4.000	3.667	3.333	3.000	999.000	999.000	999.000	999.000	999.000	999.000	999.000	999.000	999.000	.750	.500	.511	.458	.278	.389	.625	.333	.567	.600	.483	.528	.613	999.000	.400	999.000	999.000	999.000	999.000	999.000	999.000	999.000	999.000	999.000
15.000	.000	.231	.347	999.000	.597	.896	999.000	999.000	999.000	.000	.000	.347	999.000	999.000	999.000	999.000	999.000	999.000	.000	.000	.693	.000	.000	.000	3.333	2.000	2.000	2.667	2.667	2.000	999.000	999.000	999.000	3.333	3.000	2.500	999.000	999.000	999.000	999.000	999.000	999.000	1.667	1.333	1.500	2.667	2.000	2.000	1.000	1.000	1.000	1.000	1.000	.778	999.000	999.000	999.000	1.000	1.000	1.000	999.000	999.000	999.000	999.000	999.000	999.000	1.000	1.000	999.000	999.000	1.000	999.000
138.000	.462	.231	.347	.462	.462	.347	.462	.366	.347	.231	.231	.347	999.000	999.000	999.000	999.000	999.000	999.000	999.000	999.000	999.000	999.000	999.000	999.000	1.000	2.000	1.000	1.667	2.000	1.500	1.333	1.667	1.000	1.667	1.333	1.000	999.000	999.000	999.000	999.000	999.000	999.000	999.000	999.000	999.000	999.000	999.000	999.000	.750	.500	.833	.750	.833	.667	.750	.500	.667	1.000	1.000	1.000	999.000	999.000	999.000	999.000	999.000	999.000	999.000	999.000	999.000	999.000	999.000	999.000
159.000	.597	.693	.693	.597	.693	1.242	.693	.828	.549	.462	.536	.347	999.000	999.000	999.000	999.000	999.000	999.000	999.000	999.000	999.000	999.000	999.000	999.000	2.667	1.667	1.500	999.000	2.000	1.500	1.333	1.667	1.500	2.000	1.000	1.000	999.000	999.000	999.000	999.000	999.000	999.000	999.000	999.000	999.000	999.000	999.000	999.000	.875	1.000	.444	.875	1.000	1.000	.875	1.000	999.000	1.000	999.000	999.000	999.000	999.000	999.000	999.000	999.000	999.000	999.000	999.000	999.000	999.000	999.000	999.000
105.000	.231	.366	.000	1.059	1.134	1.354	999.000	999.000	999.000	.231	.462	.000	999.000	.231	.549	999.000	999.000	999.000	999.000	999.000	999.000	999.000	999.000	999.000	3.000	1.667	4.000	3.667	3.333	2.500	999.000	999.000	999.000	999.000	2.333	1.500	2.333	2.667	1.500	999.000	999.000	999.000	999.000	999.000	999.000	999.000	999.000	999.000	.875	.333	1.000	.875	.833	1.000	999.000	999.000	999.000	.708	.611	1.000	.875	1.000	1.000	999.000	999.000	999.000	999.000	999.000	999.000	999.000	999.000	999.000
